1 0.705 0.58875 0.0175 0.0075
1 0.685 0.590625 0.015 0.00625
1 0.73875 0.565625 0.02 0.01875
1 0.789375 0.47125 0.01375 0.0075
1 0.73375 0.114375 0.0475 0.02375
1 0.645625 0.433125 0.03875 0.01375
1 0.71 0.57 0.0175 0.0075
1 0.749375 0.119375 0.02625 0.01625
1 0.681875 0.438125 0.02375 0.01375
1 0.621875 0.275 0.01375 0.0175
1 0.55125 0.0525 0.0075 0.0175
1 0.9775 0.504375 0.0225 0.01875
1 0.74625 0.596875 0.0275 0.01125
1 0.623125 0.5825 0.02375 0.01
1 0.7125 0.598125 0.025 0.01125
1 0.64875 0.30375 0.025 0.04
1 0.95625 0.4875 0.0125 0.01
1 0.6475 0.58125 0.0225 0.0075
