1 0.62625 0.163125 0.015 0.03125
1 0.58875 0.308125 0.015 0.04125
1 0.74125 0.61 0.05 0.0225
1 0.584375 0.036875 0.02125 0.01125
1 0.56375 0.558125 0.0125 0.02125
1 0.630625 0.06125 0.01875 0.0175
1 0.661875 0.936875 0.04375 0.01625
1 0.603125 0.0875 0.03125 0.02
1 0.695625 0.945625 0.01625 0.00625
1 0.525625 0.073125 0.00875 0.01625
1 0.794375 0.581875 0.05375 0.02875
1 0.599375 0.106875 0.02125 0.01875
1 0.745625 0.241875 0.02125 0.04375
1 0.63125 0.17875 0.0275 0.0625
1 0.67375 0.033125 0.025 0.06125
1 0.73875 0.28 0.0125 0.025
1 0.760625 0.3 0.01125 0.025
1 0.945625 0.9125 0.01875 0.015
