1 0.91625 0.3325 0.0125 0.0225
1 0.868125 0.418125 0.02125 0.01875
1 0.764375 0.486875 0.01375 0.01875
1 0.781875 0.515 0.01125 0.0175
1 0.8375 0.315 0.0175 0.0275
1 0.77125 0.353125 0.015 0.01625
1 0.836875 0.071875 0.01875 0.00875
1 0.75125 0.35625 0.0125 0.015
1 0.76875 0.2025 0.0125 0.02
1 0.735 0.39 0.015 0.025
1 0.798125 0.50625 0.01625 0.0225
1 0.86375 0.59875 0.015 0.015
1 0.908125 0.77625 0.01875 0.015
1 0.674375 0.101875 0.01375 0.03125
1 0.723125 0.045 0.00875 0.0225
1 0.80375 0.233125 0.01 0.02125
1 0.82125 0.2625 0.0125 0.015
1 0.7925 0.383125 0.0175 0.02375
1 0.773125 0.07 0.00875 0.0225
1 0.805 0.035 0.0125 0.0175
1 0.7675 0.60625 0.02 0.02
1 0.78375 0.274375 0.0075 0.02375
1 0.75375 0.4575 0.0125 0.02
1 0.75375 0.32625 0.0075 0.0225
1 0.813125 0.44875 0.02125 0.0225
1 0.8125 0.154375 0.0175 0.00875
1 0.820625 0.350625 0.01625 0.02125
1 0.82625 0.343125 0.02 0.02375
1 0.834375 0.343125 0.01875 0.02375
1 0.59375 0.454375 0.0275 0.03375
1 0.181875 0.630625 0.01875 0.00625
