1 0.876875 0.23375 0.00875 0.02
1 0.8475 0.139375 0.0075 0.02625
1 0.675625 0.315625 0.00875 0.02125
1 0.79 0.160625 0.0075 0.02125
1 0.74375 0.303125 0.0075 0.02125
1 0.7775 0.006875 0.01 0.01375
1 0.74875 0.05 0.0075 0.02
1 0.778125 0.1975 0.01375 0.03
1 0.69 0.26 0.01 0.0275
1 0.785625 0.3025 0.01125 0.0275
1 0.720625 0.4675 0.00875 0.025
1 0.8025 0.598125 0.0175 0.02625
1 0.76625 0.446875 0.01 0.02625
1 0.6875 0.653125 0.01 0.01625
1 0.76875 0.6575 0.0125 0.0275
1 0.759375 0.656875 0.00875 0.02875
1 0.7975 0.493125 0.0075 0.01875
1 0.79 0.725625 0.0075 0.02125
1 0.8525 0.538125 0.01 0.01875
1 0.7425 0.739375 0.01 0.03125
1 0.75125 0.65625 0.01 0.03
1 0.834375 0.296875 0.01125 0.01875
1 0.836875 0.821875 0.01875 0.00875
1 0.76875 0.9525 0.0125 0.02
1 0.786875 0.044375 0.01125 0.02625
1 0.83875 0.04125 0.0075 0.0225
1 0.73875 0.24 0.01 0.03
1 0.806875 0.33875 0.00875 0.0225
1 0.745 0.2425 0.01 0.03
1 0.873125 0.264375 0.00625 0.01375
1 0.825625 0.01125 0.00875 0.0175
1 0.86625 0.18 0.0075 0.015
1 0.83125 0.2575 0.0075 0.0125
1 0.845 0.230625 0.0075 0.02125
1 0.86375 0.21 0.0125 0.0075
1 0.8425 0.456875 0.01 0.01875
1 0.674375 0.851875 0.01375 0.03125
1 0.723125 0.795 0.00875 0.0225
1 0.879375 0.056875 0.01125 0.03625
1 0.80375 0.983125 0.01 0.02125
1 0.861875 0.471875 0.00625 0.01625
1 0.773125 0.82 0.00875 0.0225
1 0.71 0.608125 0.01 0.02375
1 0.805 0.785 0.0125 0.0175
1 0.8075 0.15125 0.0125 0.0275
1 0.815625 0.151875 0.01125 0.02625
1 0.825 0.153125 0.0125 0.02625
1 0.706875 0.10125 0.01625 0.0225
1 0.823125 0.405625 0.01125 0.03125
1 0.831875 0.4025 0.00875 0.03
1 0.876875 0.365 0.00875 0.0225
1 0.8125 0.90375 0.0175 0.0075
1 0.795625 0.240625 0.02125 0.02375
1 0.786875 0.24625 0.01625 0.02
1 0.741875 0.36375 0.01875 0.0275
