1 0.813125 0.249375 0.01625 0.01125
1 0.69875 0.18625 0.0225 0.0225
1 0.75625 0.193125 0.0175 0.01625
1 0.809375 0.255 0.01625 0.0125
1 0.7875 0.22875 0.0175 0.0125
1 0.75375 0.155625 0.0175 0.01375
1 0.8075 0.17625 0.02 0.015
1 0.785625 0.195625 0.02125 0.01625
1 0.995625 0.2175 0.00875 0.0125
1 0.786875 0.203125 0.01625 0.01375
1 0.70875 0.156875 0.02 0.01125
1 0.729375 0.1775 0.02125 0.015
1 0.9175 0.155 0.0175 0.0175
1 0.920625 0.128125 0.01625 0.01375
1 0.755625 0.179375 0.01625 0.01625
1 0.90625 0.245625 0.0125 0.00875
1 0.784375 0.23375 0.01125 0.0075
1 0.96875 0.165 0.02 0.0225
1 0.9475 0.34625 0.0275 0.0175
1 0.96125 0.17875 0.015 0.015
1 0.7125 0.201875 0.0075 0.02125
1 0.618125 0.07125 0.01625 0.03
1 0.720625 0.21 0.00875 0.02
1 0.720625 0.145625 0.02625 0.01875
1 0.759375 0.208125 0.01625 0.01875
1 0.591875 0.011875 0.01875 0.02375
1 0.68 0.179375 0.01 0.01625
1 0.903125 0.14 0.01875 0.0175
1 0.950625 0.1875 0.02125 0.0225
1 0.941875 0.191875 0.00875 0.01875
