1 0.25625 0.363125 0.0125 0.02625
1 0.07625 0.6375 0.0275 0.03
1 0.435 0.48625 0.01 0.025
1 0.354375 0.54625 0.01875 0.0175
1 0.7 0.7075 0.015 0.025
1 0.115 0.6525 0.0225 0.025
1 0.126875 0.64875 0.02125 0.025
1 0.458125 0.59375 0.01875 0.015
1 0.200625 0.756875 0.02375 0.01625
1 0.70375 0.475 0.0125 0.02
1 0.250625 0.859375 0.01375 0.02375
1 0.050625 0.803125 0.03625 0.02875
1 0.65 0.505625 0.0075 0.01375
1 0.355 0.93375 0.01 0.0175
1 0.6725 0.559375 0.01 0.01125
1 0.9275 0.75375 0.01 0.0125
1 0.1675 0.73375 0.0275 0.0125
1 0.583125 0.41 0.01375 0.0225
1 0.64125 0.82375 0.0125 0.0275
1 0.633125 0.826875 0.01625 0.02375
