1 0.714375 0.853125 0.01625 0.02125
1 0.756875 0.881875 0.01375 0.01625
1 0.039375 0.03375 0.06375 0.035
1 0.46125 0.31 0.04 0.04
1 0.563125 0.475625 0.03375 0.05125
1 0.49375 0.360625 0.04 0.05375
1 0.594375 0.5275 0.04125 0.055
1 0.748125 0.900625 0.01375 0.01625
1 0.103125 0.055 0.06125 0.035
1 0.353125 0.394375 0.02125 0.02375
1 0.6325 0.59875 0.0325 0.055
1 0.32125 0.423125 0.015 0.01625
1 0.4475 0.56875 0.02 0.0225
1 0.47875 0.675 0.015 0.0175
1 0.585625 0.728125 0.01125 0.02375
1 0.565 0.74125 0.0175 0.02
1 0.5775 0.77 0.0175 0.025
1 0.573125 0.881875 0.01125 0.01625
1 0.524375 0.765625 0.01375 0.01625
1 0.591875 0.891875 0.01125 0.01625
1 0.86375 0.9925 0.0125 0.015
1 0.471875 0.67875 0.01625 0.0175
1 0.540625 0.721875 0.01375 0.01625
1 0.498125 0.67375 0.01625 0.015
1 0.52625 0.735 0.0175 0.02
1 0.576875 0.794375 0.01375 0.01625
1 0.63 0.86125 0.0075 0.015
1 0.58125 0.825625 0.015 0.02125
1 0.640625 0.88 0.01375 0.0225
1 0.77875 0.90375 0.01 0.0175
1 0.79125 0.94 0.0125 0.02
1 0.174375 0.093125 0.05375 0.03875
1 0.236875 0.12875 0.05625 0.04
1 0.116875 0.249375 0.01875 0.01625
1 0.44375 0.604375 0.0175 0.01875
1 0.00625 0.16375 0.0125 0.01
1 0.468125 0.635 0.01375 0.02
1 0.735625 0.945625 0.01625 0.02125
1 0.805625 0.9675 0.01125 0.0175
1 0.348125 0.203125 0.04875 0.03875
1 0.4175 0.2625 0.05 0.05
1 0.460625 0.6375 0.01375 0.0175
1 0.529375 0.42125 0.04125 0.0625
1 0.48125 0.64875 0.0125 0.0175
1 0.379375 0.50125 0.01625 0.0125
1 0.370625 0.515 0.01375 0.015
1 0.508125 0.71625 0.01375 0.015
1 0.62 0.805625 0.0175 0.02625
1 0.605625 0.865625 0.01125 0.02375
1 0.668125 0.73875 0.02375 0.01
1 0.615 0.9125 0.0125 0.0225
1 0.40625 0.55625 0.015 0.01
1 0.501875 0.716875 0.01125 0.01875
1 0.498125 0.698125 0.01875 0.01875
1 0.6125 0.7525 0.015 0.03
1 0.589375 0.87375 0.00875 0.0175
1 0.628125 0.931875 0.01375 0.02375
1 0.640625 0.915 0.01375 0.02
1 0.740625 0.985625 0.01375 0.02375
1 0.808125 0.9925 0.00875 0.015
1 0.698125 0.711875 0.03625 0.05625
1 0.30125 0.165625 0.0425 0.03125
1 0.393125 0.5175 0.01625 0.02
1 0.343125 0.45125 0.01875 0.0175
1 0.335 0.455625 0.015 0.01375
