1 0.290625 0.82125 0.03125 0.015
1 0.349375 0.800625 0.03125 0.01375
1 0.845625 0.75625 0.02875 0.01
1 0.648125 0.635625 0.03625 0.01125
1 0.929375 0.4325 0.02625 0.015
1 0.525 0.648125 0.045 0.01375
1 0.408125 0.77375 0.04125 0.0125
1 0.624375 0.748125 0.03125 0.00625
1 0.6975 0.775625 0.0275 0.01375
1 0.749375 0.843125 0.02875 0.01375
1 0.47625 0.859375 0.0225 0.00875
1 0.675625 0.821875 0.01875 0.01125
1 0.511875 0.93625 0.02875 0.01
1 0.635625 0.9525 0.01875 0.01
1 0.65875 0.965625 0.01 0.00875
1 0.426875 0.819375 0.02875 0.01375
1 0.1225 0.84875 0.015 0.0175
1 0.7575 0.915 0.02 0.0125
1 0.653125 0.99 0.02125 0.0075
1 0.961875 0.451875 0.01375 0.01625
1 0.4775 0.71875 0.0325 0.0175
1 0.849375 0.56375 0.02125 0.0225
1 0.165625 0.168125 0.07125 0.02625
1 0.729375 0.6825 0.03125 0.01
1 0.551875 0.774375 0.03625 0.01375
1 0.755 0.68625 0.025 0.01
1 0.6 0.815625 0.0375 0.01125
1 0.98625 0.5975 0.0275 0.0125
1 0.193125 0.783125 0.02125 0.01875
1 0.9825 0.63625 0.0275 0.0125
1 0.234375 0.774375 0.02375 0.01875
1 0.629375 0.716875 0.02375 0.00625
1 0.555 0.838125 0.025 0.00875
1 0.763125 0.7275 0.03125 0.0125
1 0.77625 0.79625 0.025 0.0125
1 0.335 0.9725 0.035 0.03
1 0.32875 0.965625 0.03 0.02625
1 0.301875 0.848125 0.02875 0.01375
1 0.773125 0.95 0.01875 0.01
1 0.23625 0.8675 0.0325 0.0175
1 0.75625 0.96 0.0225 0.01
1 0.203125 0.980625 0.01125 0.03625
1 0.90625 0.113125 0.06 0.03125
1 0.915625 0.121875 0.02375 0.02125
1 0.360625 0.861875 0.03125 0.00875
1 0.414375 0.90125 0.02375 0.015
1 0.754375 0.9775 0.01625 0.01
1 0.195 0.976875 0.01 0.03375
1 0.506875 0.17875 0.07125 0.03
1 0.525625 0.186875 0.02375 0.01125
1 0.86375 0.658125 0.0275 0.01125
1 0.920625 0.650625 0.02875 0.01125
