1 0.038125 0.225 0.02375 0.0175
1 0.66625 0.114375 0.0325 0.01375
1 0.011875 0.240625 0.02375 0.02875
1 0.6575 0.12375 0.0375 0.015
1 0.585625 0.099375 0.02875 0.01625
1 0.399375 0.211875 0.04125 0.00875
1 0.529375 0.08625 0.03375 0.015
1 0.3325 0.1025 0.04 0.0175
1 0.501875 0.211875 0.01375 0.00625
1 0.6325 0.109375 0.035 0.01125
1 0.860625 0.373125 0.01875 0.01625
1 0.52625 0.0975 0.025 0.015
1 0.7825 0.155625 0.065 0.03125
1 0.484375 0.085625 0.05375 0.01125
1 0.29625 0.113125 0.035 0.01125
1 0.84125 0.27875 0.055 0.0375
1 0.91375 0.214375 0.0525 0.03875
1 0.43625 0.0875 0.045 0.01
1 0.200625 0.134375 0.04875 0.02375
1 0.441875 0.09625 0.03875 0.01
1 0.140625 0.165625 0.03125 0.01625
1 0.988125 0.254375 0.02125 0.01875
1 0.99125 0.395625 0.0175 0.02375
1 0.39125 0.088125 0.0325 0.00875
1 0.386875 0.100625 0.04625 0.01625
1 0.674375 0.201875 0.04125 0.02125
