1 0.550625 0.74625 0.02625 0.0225
1 0.508125 0.921875 0.01875 0.01625
1 0.455625 0.235 0.00875 0.0225
1 0.476875 0.08625 0.01125 0.0225
1 0.52875 0.219375 0.015 0.02875
1 0.51875 0.423125 0.0125 0.01875
1 0.600625 0.28125 0.02375 0.0075
1 0.496875 0.655 0.01625 0.0225
1 0.74375 0.9125 0.0275 0.0225
1 0.573125 0.055625 0.01375 0.02125
1 0.544375 0.27875 0.01375 0.025
1 0.509375 0.144375 0.01375 0.02125
1 0.475 0.1475 0.0175 0.0275
1 0.50125 0.283125 0.02 0.03125
1 0.48875 0.28125 0.015 0.0275
1 0.47125 0.33625 0.0125 0.025
1 0.52375 0.688125 0.02 0.02125
1 0.52375 0.330625 0.015 0.02125
1 0.570625 0.075 0.01375 0.015
1 0.589375 0.13875 0.01125 0.0125
1 0.519375 0.354375 0.01375 0.02125
1 0.60125 0.705625 0.0175 0.01875
1 0.53875 0.376875 0.015 0.01875
1 0.553125 0.665 0.01375 0.0175
1 0.50125 0.065 0.0125 0.025
1 0.45125 0.19 0.01 0.025
1 0.47625 0.220625 0.01 0.02625
1 0.490625 0.01125 0.02125 0.0225
1 0.415 0.434375 0.0125 0.02625
1 0.48375 0.0075 0.015 0.015
1 0.554375 0.7 0.01375 0.0175
1 0.56875 0.02 0.0125 0.025
1 0.704375 0.74625 0.01375 0.0125
1 0.559375 0.019375 0.01375 0.02625
1 0.453125 0.3975 0.01125 0.0275
1 0.4825 0.41875 0.0125 0.0225
1 0.3375 0.78125 0.03 0.0375
