1 0.9875 0.41 0.01 0.015
1 0.52875 0.0875 0.035 0.015
1 0.165625 0.2475 0.01875 0.0125
1 0.526875 0.0975 0.02625 0.015
1 0.011875 0.240625 0.02375 0.02875
1 0.441875 0.09375 0.04125 0.015
1 0.400625 0.21125 0.04125 0.0075
1 0.841875 0.27875 0.05375 0.035
1 0.67625 0.20625 0.0425 0.015
1 0.388125 0.100625 0.04125 0.01875
1 0.913125 0.214375 0.05375 0.03875
1 0.33375 0.104375 0.0375 0.01375
1 0.5025 0.211875 0.0125 0.00625
1 0.66625 0.114375 0.0325 0.01375
1 0.658125 0.124375 0.03875 0.01375
1 0.296875 0.1125 0.03375 0.01
1 0.57875 0.24 0.015 0.01
1 0.200625 0.135625 0.04625 0.02125
1 0.990625 0.396875 0.01875 0.02625
1 0.629375 0.10875 0.02875 0.01
1 0.585625 0.099375 0.02875 0.01625
1 0.036875 0.22375 0.02125 0.02
1 0.1375 0.165625 0.0275 0.01875
1 0.7825 0.15625 0.0675 0.0325
