1 0.814375 0.00125 0.00625 0.0025
1 0.8625 0.02 0.0075 0.015
1 0.716875 0.1025 0.00875 0.02
1 0.800625 0.93375 0.02625 0.0225
1 0.705625 0.4225 0.00875 0.0225
1 0.726875 0.27375 0.01125 0.0225
1 0.77875 0.406875 0.015 0.02875
1 0.76875 0.610625 0.0125 0.01875
1 0.850625 0.46875 0.02375 0.0075
1 0.746875 0.8425 0.01625 0.0225
1 0.826875 0.0125 0.00875 0.0225
1 0.726875 0.12625 0.01125 0.015
1 0.733125 0.02125 0.01375 0.0225
1 0.794375 0.1075 0.01125 0.02
1 0.823125 0.243125 0.01375 0.02125
1 0.794375 0.46625 0.01375 0.025
1 0.759375 0.331875 0.01375 0.02125
1 0.725 0.335 0.0175 0.0275
1 0.75125 0.470625 0.02 0.03125
1 0.73875 0.46875 0.015 0.0275
1 0.72125 0.52375 0.0125 0.025
1 0.77375 0.875625 0.02 0.02125
1 0.77375 0.518125 0.015 0.02125
1 0.721875 0.05 0.01375 0.0275
1 0.77625 0.13125 0.01 0.0225
1 0.820625 0.2625 0.01375 0.015
1 0.839375 0.32625 0.01125 0.0125
1 0.769375 0.541875 0.01375 0.02125
1 0.85125 0.893125 0.0175 0.01875
1 0.78875 0.564375 0.015 0.01875
1 0.803125 0.8525 0.01375 0.0175
1 0.828125 0.074375 0.01375 0.02125
1 0.78625 0.161875 0.0075 0.02125
1 0.81125 0.01625 0.01 0.02
1 0.75125 0.2525 0.0125 0.025
1 0.70125 0.3775 0.01 0.025
1 0.72625 0.408125 0.01 0.02625
1 0.740625 0.19625 0.02125 0.0275
1 0.665 0.621875 0.0125 0.02625
1 0.735 0.19125 0.0175 0.0225
1 0.804375 0.8875 0.01375 0.0175
1 0.81875 0.2075 0.0125 0.025
1 0.954375 0.93375 0.01375 0.0125
1 0.809375 0.206875 0.01375 0.02625
1 0.7025 0.585 0.0125 0.0275
1 0.731875 0.606875 0.01375 0.02375
1 0.588125 0.96875 0.02875 0.0375
