1 0.714375 0.103125 0.01625 0.02125
1 0.756875 0.131875 0.01375 0.01625
1 0.815 0.346875 0.0125 0.02375
1 0.794375 0.380625 0.00875 0.02125
1 0.830625 0.4725 0.01125 0.0275
1 0.81125 0.274375 0.0125 0.02375
1 0.645 0.31 0.0125 0.0175
1 0.748125 0.150625 0.01375 0.01625
1 0.765625 0.270625 0.01375 0.02375
1 0.803125 0.42 0.00875 0.0225
1 0.819375 0.475625 0.01125 0.02625
1 0.8325 0.410625 0.0075 0.02125
1 0.766875 0.5375 0.01125 0.0175
1 0.8575 0.560625 0.01 0.01625
1 0.870625 0.599375 0.01375 0.00625
1 0.64375 0.92125 0.0075 0.015
1 0.849375 0.58375 0.00875 0.0225
1 0.791875 0.648125 0.00875 0.02375
1 0.56875 0.000625 0.005 0.00125
1 0.86875 0.71 0.01 0.035
1 0.720625 0.994375 0.00875 0.01125
1 0.764375 0.82625 0.00875 0.0275
1 0.5775 0.02 0.0175 0.025
1 0.573125 0.131875 0.01125 0.01625
1 0.524375 0.015625 0.01375 0.01625
1 0.591875 0.141875 0.01125 0.01625
1 0.82875 0.59625 0.0075 0.025
1 0.8675 0.2575 0.02 0.045
1 0.784375 0.693125 0.01375 0.02625
1 0.87 0.3075 0.0175 0.04
1 0.74 0.703125 0.0075 0.02375
1 0.719375 0.849375 0.00875 0.02625
1 0.8425 0.925 0.0075 0.02
1 0.79875 0.876875 0.0075 0.01625
1 0.81125 0.946875 0.01 0.02375
1 0.576875 0.044375 0.01375 0.01625
1 0.63 0.11125 0.0075 0.015
1 0.58125 0.075625 0.015 0.02125
1 0.640625 0.13 0.01375 0.0225
1 0.77875 0.15375 0.01 0.0175
1 0.786875 0.293125 0.01125 0.02625
1 0.79125 0.19 0.0125 0.02
1 0.855 0.38625 0.0075 0.02
1 0.766875 0.566875 0.01125 0.02375
1 0.826875 0.7975 0.01875 0.035
1 0.848125 0.388125 0.00875 0.02125
1 0.75875 0.60375 0.015 0.03
1 0.674375 0.70375 0.00875 0.02
1 0.735625 0.195625 0.01625 0.02125
1 0.808125 0.31125 0.01125 0.025
1 0.805625 0.2175 0.01125 0.0175
1 0.77875 0.33 0.01 0.0225
1 0.858125 0.408125 0.00875 0.01625
1 0.73375 0.635 0.0125 0.0275
1 0.84875 0.43125 0.0075 0.02
1 0.866875 0.5325 0.01125 0.02
1 0.848125 0.609375 0.00875 0.01875
1 0.915 0.601875 0.015 0.03125
1 0.786875 0.7275 0.00875 0.02
1 0.876875 0.625 0.01125 0.0125
1 0.813125 0.71375 0.00875 0.0225
1 0.724375 0.918125 0.00875 0.01625
1 0.846875 0.949375 0.01125 0.01625
1 0.76125 0.919375 0.01 0.03625
1 0.88125 0.8775 0.0075 0.01
1 0.62 0.055625 0.0175 0.02625
1 0.605625 0.115625 0.01125 0.02375
1 0.615 0.1625 0.0125 0.0225
1 0.856875 0.6425 0.00875 0.015
1 0.68 0.675 0.0125 0.0275
1 0.88375 0.65125 0.02 0.0075
1 0.63875 0.921875 0.0075 0.02625
1 0.860625 0.71125 0.00875 0.035
1 0.613125 0.00875 0.01375 0.0175
1 0.86125 0.860625 0.0075 0.01375
1 0.868125 0.908125 0.00875 0.01625
1 0.82625 0.844375 0.01 0.02375
1 0.87 0.893125 0.0075 0.01125
1 0.589375 0.12375 0.00875 0.0175
1 0.628125 0.181875 0.01375 0.02375
1 0.640625 0.165 0.01375 0.02
1 0.740625 0.2375 0.01375 0.025
1 0.80875 0.246875 0.01 0.02125
1 0.7875 0.981875 0.0175 0.02625
1 0.795 0.985 0.0125 0.0225
1 0.8025 0.985625 0.0175 0.02625
1 0.651875 0.33875 0.01625 0.02
1 0.59625 0.1975 0.015 0.0225
