1 0.961875 0.994375 0.01375 0.01125
1 0.99125 0.68125 0.015 0.025
1 0.67125 0.4275 0.025 0.0325
1 0.675625 0.02875 0.04375 0.05
1 0.7 0.473125 0.0175 0.02375
1 0.99125 0.72 0.0125 0.025
1 0.725625 0.505 0.01875 0.02
1 0.72125 0.074375 0.045 0.04875
1 0.75375 0.1225 0.0325 0.0425
1 0.8725 0.61875 0.015 0.0175
1 0.875 0.610625 0.02 0.02375
1 0.894375 0.364375 0.04125 0.05875
1 0.60375 0.231875 0.0175 0.01625
1 0.929375 0.425625 0.04375 0.06375
1 0.61125 0.23 0.015 0.015
1 0.751875 0.435625 0.01375 0.02125
1 0.838125 0.530625 0.01625 0.01875
1 0.75875 0.455 0.0125 0.02
1 0.82375 0.539375 0.015 0.01875
1 0.90875 0.84625 0.02 0.0375
1 0.88625 0.60625 0.0225 0.02
1 0.93875 0.90625 0.0225 0.025
1 0.89375 0.603125 0.02 0.02375
1 0.961875 0.48 0.03625 0.045
1 0.671875 0.14875 0.01875 0.025
1 0.66375 0.3375 0.01 0.0175
1 0.793125 0.426875 0.02125 0.02125
1 0.848125 0.56375 0.01375 0.025
1 0.8225 0.45125 0.0175 0.02
1 0.838125 0.58875 0.01875 0.02
1 0.96625 0.63 0.0175 0.025
1 0.916875 0.674375 0.01875 0.02125
1 0.793125 0.190625 0.03875 0.05625
1 0.82625 0.24875 0.04 0.0575
1 0.995625 0.653125 0.00875 0.02625
1 0.91125 0.715 0.0175 0.0275
1 0.860625 0.308125 0.03875 0.05625
1 0.709375 0.39875 0.01875 0.02
1 0.5725 0.19625 0.0175 0.0175
1 0.67 0.3325 0.0125 0.0175
1 0.58875 0.208125 0.015 0.01875
1 0.68625 0.361875 0.0125 0.02125
1 0.845 0.515625 0.015 0.01875
1 0.829375 0.64125 0.01625 0.02
1 0.851875 0.648125 0.02125 0.03625
1 0.779375 0.485625 0.01625 0.01625
1 0.77125 0.489375 0.02 0.01875
1 0.619375 0.255 0.01125 0.0175
1 0.729375 0.45125 0.01625 0.02
1 0.64375 0.28 0.01 0.0175
1 0.718125 0.430625 0.01375 0.01625
1 0.8175 0.5075 0.02 0.0225
1 0.879375 0.68 0.01625 0.0225
1 0.751875 0.475 0.01875 0.0175
1 0.794375 0.525625 0.01125 0.01375
