0 0.18986083499005965 0.08923076923076922 0.02982107355864811 0.06153846153846154
0 0.10536779324055666 0.1523076923076923 0.02385685884691849 0.052307692307692305
0 0.07157057654075547 0.33692307692307694 0.03180914512922465 0.05846153846153846
0 0.04771371769383698 0.5784615384615385 0.03578528827037773 0.055384615384615386
0 0.19284294234592445 0.6046153846153847 0.039761431411530816 0.07076923076923076
0 0.24552683896620278 0.2969230769230769 0.02982107355864811 0.07076923076923076
0 0.29721669980119286 0.47846153846153844 0.04970178926441352 0.07692307692307693
0 0.3499005964214712 0.14307692307692307 0.027833001988071572 0.052307692307692305
0 0.39065606361829025 0.25076923076923074 0.02584493041749503 0.052307692307692305
0 0.46123260437375746 0.08307692307692308 0.02385685884691849 0.036923076923076927
0 0.44930417495029823 0.19076923076923077 0.019880715705765408 0.03076923076923077
0 0.44831013916500995 0.3646153846153846 0.02584493041749503 0.046153846153846156
0 0.5854870775347912 0.22 0.02982107355864811 0.046153846153846156
0 0.5467196819085487 0.35846153846153844 0.02385685884691849 0.046153846153846156
0 0.5129224652087475 0.5215384615384615 0.019880715705765408 0.033846153846153845
0 0.15009940357852883 0.86 0.03777335984095427 0.052307692307692305
0 0.4701789264413519 0.6569230769230769 0.02584493041749503 0.046153846153846156
0 0.34592445328031807 0.8553846153846154 0.0437375745526839 0.06153846153846154
0 0.5447316103379721 0.8661538461538462 0.027833001988071572 0.046153846153846156
