0 0.2898406374501992 0.6805555555555556 0.021912350597609563 0.040123456790123455
0 0.3456175298804781 0.6157407407407407 0.021912350597609563 0.040123456790123455
0 0.4312749003984064 0.7669753086419753 0.017928286852589643 0.046296296296296294
0 0.4860557768924303 0.7376543209876543 0.01593625498007968 0.043209876543209874
0 0.4960159362549801 0.5570987654320988 0.01593625498007968 0.033950617283950615
0 0.4292828685258964 0.5046296296296297 0.013944223107569721 0.033950617283950615
0 0.0846613545816733 0.18364197530864199 0.017928286852589643 0.05246913580246913
0 0.13346613545816732 0.1743827160493827 0.01593625498007968 0.05246913580246913
0 0.24800796812749004 0.12962962962962962 0.013944223107569721 0.08641975308641975
0 0.28884462151394424 0.13271604938271606 0.01195219123505976 0.08024691358024691
0 0.9492031872509961 0.04938271604938271 0.017928286852589643 0.06172839506172839
