0 0.0853413654618474 0.7745358090185677 0.05823293172690763 0.03713527851458886
0 0.572289156626506 0.6432360742705571 0.04819277108433735 0.03978779840848806
0 0.7961847389558233 0.6007957559681698 0.04618473895582329 0.06631299734748011
0 0.714859437751004 0.7931034482758621 0.05622489959839357 0.026525198938992044
0 0.44477911646586343 0.8116710875331565 0.03815261044176707 0.03713527851458886
0 0.4206827309236948 0.5013262599469496 0.050200803212851405 0.04774535809018567
0 0.5140562248995983 0.9058355437665783 0.01606425702811245 0.04509283819628647
0 0.501004016064257 0.9137931034482759 0.014056224899598393 0.050397877984084884
0 0.4839357429718876 0.9190981432360743 0.01606425702811245 0.0610079575596817
0 0.46887550200803213 0.9137931034482759 0.014056224899598393 0.05570291777188329
0 0.4568273092369478 0.9297082228116711 0.018072289156626505 0.03978779840848806
