0 0.2796780684104628 0.4651898734177215 0.0482897384305835 0.05063291139240506
0 0.2505030181086519 0.6471518987341772 0.04627766599597585 0.05379746835443038
0 0.37424547283702214 0.8971518987341772 0.0482897384305835 0.04746835443037975
0 0.5100603621730382 0.6012658227848101 0.05030181086519115 0.056962025316455694
0 0.7193158953722334 0.6439873417721519 0.04627766599597585 0.05379746835443038
0 0.6066398390342053 0.3275316455696203 0.04225352112676056 0.06645569620253164
0 0.7676056338028169 0.3560126582278481 0.04225352112676056 0.06645569620253164
0 0.9386317907444668 0.6360759493670886 0.04627766599597585 0.06329113924050633
0 0.8843058350100603 0.21677215189873417 0.05432595573440644 0.07911392405063292
0 0.8289738430583501 0.020569620253164556 0.03219315895372234 0.04113924050632911
0 0.6317907444668008 0.060126582278481014 0.03219315895372234 0.05063291139240506
