0 0.6776447105788423 0.3911671924290221 0.06187624750499002 0.10094637223974763
0 0.37924151696606784 0.4558359621451104 0.059880239520958084 0.05362776025236593
0 0.5678642714570858 0.6971608832807571 0.07385229540918163 0.03785488958990536
0 0.21057884231536927 0.7239747634069401 0.04590818363273453 0.05993690851735016
0 0.17864271457085829 0.23186119873817035 0.0658682634730539 0.06624605678233439
0 0.3033932135728543 0.8738170347003155 0.01996007984031936 0.07570977917981073
0 0.28542914171656686 0.8817034700315457 0.015968063872255488 0.07886435331230283
0 0.26047904191616766 0.8943217665615142 0.021956087824351298 0.0914826498422713
0 0.24251497005988024 0.8848580441640379 0.017964071856287425 0.08517350157728706
0 0.22554890219560877 0.9100946372239748 0.015968063872255488 0.07255520504731862
