0 0.15649606299212598 0.1185064935064935 0.021653543307086614 0.06168831168831169
0 0.1781496062992126 0.4496753246753247 0.04133858267716536 0.07467532467532467
0 0.4251968503937008 0.5340909090909091 0.023622047244094488 0.08766233766233766
0 0.25098425196850394 0.875 0.04921259842519685 0.06818181818181818
0 0.5787401574803149 0.6542207792207793 0.023622047244094488 0.09415584415584416
0 0.6230314960629921 0.18506493506493507 0.017716535433070866 0.06493506493506493
0 0.6801181102362205 0.4707792207792208 0.021653543307086614 0.05844155844155844
0 0.7765748031496063 0.4237012987012987 0.021653543307086614 0.05519480519480519
0 0.8316929133858267 0.7743506493506493 0.05708661417322835 0.08116883116883117
0 0.8375984251968503 0.8506493506493507 0.04133858267716536 0.07142857142857142
0 0.8956692913385826 0.4496753246753247 0.01968503937007874 0.05519480519480519
0 0.9763779527559056 0.25811688311688313 0.023622047244094488 0.05519480519480519
