0 0.19207920792079208 0.12376237623762376 0.04356435643564356 0.07590759075907591
0 0.26534653465346536 0.5577557755775577 0.05148514851485148 0.07260726072607261
0 0.4415841584158416 0.21122112211221122 0.027722772277227723 0.09900990099009901
0 0.597029702970297 0.334983498349835 0.02574257425742574 0.09570957095709572
0 0.5722772277227722 0.8597359735973598 0.06732673267326733 0.09570957095709572
0 0.698019801980198 0.14686468646864687 0.02178217821782178 0.06930693069306931
0 0.7950495049504951 0.09735973597359736 0.02178217821782178 0.056105610561056105
0 0.9138613861386139 0.12376237623762376 0.01782178217821782 0.04950495049504951
0 0.8485148514851485 0.4537953795379538 0.05742574257425743 0.07590759075907591
0 0.8564356435643564 0.533003300330033 0.041584158415841586 0.06930693069306931
