0 0.10784313725490197 0.30064308681672025 0.043137254901960784 0.04180064308681672
0 0.13725490196078433 0.5128617363344051 0.047058823529411764 0.03536977491961415
0 0.32254901960784316 0.31511254019292606 0.060784313725490195 0.05144694533762058
0 0.30490196078431375 0.6479099678456591 0.041176470588235294 0.03536977491961415
0 0.4892156862745098 0.4967845659163987 0.041176470588235294 0.03536977491961415
0 0.5862745098039216 0.31511254019292606 0.0392156862745098 0.03858520900321544
0 0.6362745098039215 0.4983922829581994 0.03725490196078431 0.03215434083601286
0 0.7235294117647059 0.17845659163987138 0.027450980392156862 0.028938906752411574
0 0.7401960784313726 0.8054662379421221 0.03725490196078431 0.03536977491961415
0 0.8137254901960784 0.5482315112540193 0.03529411764705882 0.03536977491961415
0 0.8294117647058824 0.3070739549839228 0.03137254901960784 0.03536977491961415
