0 0.07868525896414343 0.09876543209876543 0.061752988047808766 0.04938271604938271
0 0.060756972111553786 0.4182098765432099 0.04183266932270916 0.033950617283950615
0 0.24701195219123506 0.27469135802469136 0.0398406374501992 0.037037037037037035
0 0.39741035856573703 0.27314814814814814 0.03386454183266932 0.033950617283950615
0 0.3466135458167331 0.09876543209876543 0.043824701195219126 0.043209876543209874
0 0.5916334661354582 0.08796296296296297 0.03187250996015936 0.033950617283950615
0 0.5766932270916335 0.32407407407407407 0.03386454183266932 0.030864197530864196
0 0.5049800796812749 0.5694444444444444 0.037848605577689244 0.027777777777777776
0 0.44123505976095617 0.8626543209876543 0.04183266932270916 0.021604938271604937
0 0.5796812749003984 0.8719135802469136 0.02390438247011952 0.027777777777777776
0 0.8237051792828686 0.845679012345679 0.021912350597609563 0.024691358024691357
0 0.8844621513944223 0.9074074074074074 0.027888446215139442 0.024691358024691357
