0 0.23415132924335377 0.05504587155963303 0.04294478527607362 0.04892966360856269
0 0.3987730061349693 0.19418960244648317 0.02044989775051125 0.03363914373088685
0 0.3721881390593047 0.3211009174311927 0.024539877300613498 0.03669724770642202
0 0.15030674846625766 0.5642201834862385 0.034764826175869123 0.03363914373088685
0 0.13496932515337423 0.6743119266055045 0.03680981595092025 0.039755351681957186
0 0.21267893660531698 0.8241590214067278 0.03680981595092025 0.03363914373088685
0 0.2658486707566462 0.9342507645259939 0.03680981595092025 0.03363914373088685
0 0.29754601226993865 0.6452599388379205 0.03067484662576687 0.03058103975535168
0 0.3588957055214724 0.4831804281345566 0.03067484662576687 0.03669724770642202
0 0.4294478527607362 0.6712538226299695 0.028629856850715747 0.039755351681957186
0 0.4611451942740286 0.5 0.03067484662576687 0.045871559633027525
0 0.4570552147239264 0.14831804281345565 0.022494887525562373 0.039755351681957186
0 0.49693251533742333 0.290519877675841 0.028629856850715747 0.04281345565749235
0 0.5347648261758691 0.41437308868501527 0.034764826175869123 0.05198776758409786
0 0.5685071574642127 0.6697247706422018 0.032719836400818 0.04281345565749235
0 0.5695296523517382 0.18654434250764526 0.018404907975460124 0.03669724770642202
0 0.6492842535787321 0.14831804281345565 0.014314928425357873 0.021406727828746176
0 0.5991820040899796 0.25840978593272174 0.02044989775051125 0.03363914373088685
0 0.6390593047034765 0.3348623853211009 0.022494887525562373 0.03363914373088685
0 0.6390593047034765 0.21712538226299694 0.014314928425357873 0.024464831804281346
0 0.7351738241308794 0.2400611620795107 0.022494887525562373 0.03363914373088685
0 0.7065439672801636 0.3333333333333333 0.018404907975460124 0.03058103975535168
0 0.6554192229038854 0.5382262996941896 0.018404907975460124 0.03058103975535168
0 0.7075664621676891 0.6758409785932722 0.024539877300613498 0.03058103975535168
0 0.7085889570552147 0.8226299694189603 0.022494887525562373 0.024464831804281346
0 0.6830265848670757 0.4418960244648318 0.016359918200409 0.027522935779816515
0 0.7924335378323109 0.790519877675841 0.014314928425357873 0.021406727828746176
