0 0.099601593625498 0.09090909090909091 0.02390438247011952 0.07878787878787878
0 0.07470119521912351 0.5757575757575758 0.07370517928286853 0.10303030303030303
0 0.35258964143426297 0.1984848484848485 0.055776892430278883 0.07575757575757576
0 0.3615537848605578 0.2727272727272727 0.04183266932270916 0.07272727272727272
0 0.35856573705179284 0.8196969696969697 0.03187250996015936 0.0696969696969697
0 0.45717131474103584 0.7439393939393939 0.03386454183266932 0.07575757575757576
0 0.5258964143426295 0.9742424242424242 0.0398406374501992 0.045454545454545456
0 0.6563745019920318 0.806060606060606 0.029880478087649404 0.05454545454545454
0 0.7051792828685259 0.9348484848484848 0.03187250996015936 0.05757575757575758
0 0.7888446215139442 0.7363636363636363 0.027888446215139442 0.04242424242424243
0 0.7729083665338645 0.8636363636363636 0.0199203187250996 0.03636363636363636
0 0.9362549800796812 0.8954545454545455 0.0398406374501992 0.051515151515151514
