0 0.10784313725490197 0.2990353697749196 0.043137254901960784 0.03858520900321544
0 0.13529411764705881 0.5096463022508039 0.047058823529411764 0.03536977491961415
0 0.3235294117647059 0.3167202572347267 0.058823529411764705 0.05466237942122187
0 0.3029411764705882 0.6479099678456591 0.045098039215686274 0.03536977491961415
0 0.48823529411764705 0.4983922829581994 0.0392156862745098 0.03858520900321544
0 0.5862745098039216 0.3135048231511254 0.0392156862745098 0.04180064308681672
0 0.6352941176470588 0.4967845659163987 0.03529411764705882 0.03536977491961415
0 0.7235294117647059 0.18006430868167203 0.027450980392156862 0.03215434083601286
0 0.7401960784313726 0.8054662379421221 0.03725490196078431 0.03536977491961415
0 0.8137254901960784 0.5498392282958199 0.03529411764705882 0.03215434083601286
0 0.8284313725490197 0.3054662379421222 0.03333333333333333 0.03215434083601286
