0 0.09782608695652174 0.2492063492063492 0.017786561264822136 0.022222222222222223
0 0.34782608695652173 0.2714285714285714 0.015810276679841896 0.022222222222222223
0 0.25395256916996045 0.4888888888888889 0.021739130434782608 0.025396825396825397
0 0.1541501976284585 0.653968253968254 0.023715415019762844 0.025396825396825397
0 0.33695652173913043 0.5857142857142857 0.025691699604743084 0.022222222222222223
0 0.4268774703557312 0.05873015873015873 0.019762845849802372 0.022222222222222223
0 0.13932806324110672 0.8317460317460318 0.021739130434782608 0.025396825396825397
0 0.2994071146245059 0.9142857142857143 0.025691699604743084 0.025396825396825397
0 0.49209486166007904 0.9047619047619048 0.023715415019762844 0.025396825396825397
0 0.5879446640316206 0.5031746031746032 0.021739130434782608 0.022222222222222223
0 0.7154150197628458 0.19365079365079366 0.023715415019762844 0.031746031746031744
0 0.7420948616600791 0.08095238095238096 0.021739130434782608 0.02857142857142857
0 0.8567193675889329 0.3111111111111111 0.017786561264822136 0.025396825396825397
0 0.6818181818181818 0.8904761904761904 0.023715415019762844 0.02857142857142857
0 0.8557312252964426 0.6984126984126984 0.019762845849802372 0.025396825396825397
0 0.8715415019762845 0.8761904761904762 0.019762845849802372 0.025396825396825397
0 0.8527667984189723 0.5253968253968254 0.021739130434782608 0.022222222222222223
