0 0.09741550695825049 0.10338983050847457 0.039761431411530816 0.0711864406779661
0 0.16998011928429424 0.5491525423728814 0.04970178926441352 0.06779661016949153
0 0.34393638170974156 0.19322033898305085 0.02385685884691849 0.09491525423728814
0 0.5 0.3220338983050847 0.02584493041749503 0.1016949152542373
0 0.47713717693836977 0.8593220338983051 0.07157057654075547 0.09830508474576272
0 0.6033797216699801 0.12542372881355932 0.017892644135188866 0.07457627118644068
0 0.7007952286282306 0.07796610169491526 0.02186878727634195 0.05423728813559322
0 0.8220675944333996 0.10338983050847457 0.017892644135188866 0.06440677966101695
0 0.7544731610337972 0.4406779661016949 0.05765407554671968 0.08135593220338982
0 0.7624254473161034 0.5203389830508475 0.04572564612326044 0.07796610169491526
