0 0.305625 0.066875 0.051250000000000004 0.03375
0 0.2475 0.2425 0.015 0.015
0 0.6025 0.35875 0.0125 0.0175
0 0.731875 0.388125 0.01375 0.01625
0 0.665625 0.4925 0.01375 0.02
0 0.67125 0.55 0.0175 0.0125
0 0.651875 0.575625 0.02375 0.02375
0 0.895625 0.404375 0.02375 0.02375
0 0.9275 0.540625 0.025 0.02125
0 0.215 0.904375 0.02 0.01875
0 0.295 0.836875 0.0225 0.02875
0 0.3675 0.77375 0.0225 0.02
0 0.39875 0.831875 0.02 0.01875
0 0.566875 0.728125 0.01625 0.01625
0 0.51125 0.795625 0.0125 0.01125
0 0.505625 0.87375 0.01875 0.01
0 0.82375 0.78 0.0325 0.025
0 0.92 0.8043750000000001 0.015 0.02375
0 0.890625 0.6575 0.01625 0.02
