0 0.325 0.3425 0.015 0.0175
0 0.35625 0.505 0.0225 0.0375
0 0.42625 0.18 0.03 0.0225
0 0.638125 0.15937500000000002 0.01875 0.03125
0 0.503125 0.31125 0.01375 0.0175
0 0.49062500000000003 0.581875 0.01375 0.01375
0 0.5825 0.261875 0.0175 0.01875
0 0.17 0.8875000000000001 0.0175 0.0375
0 0.32937500000000003 0.98375 0.02125 0.025
0 0.73625 0.54125 0.015 0.015
0 0.734375 0.47250000000000003 0.01375 0.015
0 0.88125 0.32875 0.015 0.035
0 0.855625 0.8175 0.01875 0.0225
0 0.92625 0.591875 0.01 0.01125
0 0.9393750000000001 0.583125 0.01125 0.00875
