0 0.1875 0.13 0.025 0.03
0 0.20875 0.39125 0.015 0.015
0 0.28375 0.32937500000000003 0.0225 0.01875
0 0.07125000000000001 0.63125 0.015 0.0175
0 0.1325 0.5925 0.0125 0.025
0 0.12 0.703125 0.0125 0.01875
0 0.165 0.806875 0.0225 0.01875
0 0.149375 0.87125 0.01625 0.015
0 0.0225 0.8456250000000001 0.025 0.04625
0 0.229375 0.725 0.00875 0.0125
0 0.22062500000000002 0.764375 0.01375 0.01375
0 0.108125 0.9606250000000001 0.01625 0.01875
0 0.425 0.935625 0.035 0.01875
0 0.381875 0.9868750000000001 0.01625 0.02125
0 0.440625 0.95375 0.02125 0.0125
0 0.445 0.831875 0.0125 0.00875
0 0.47375 0.825625 0.0175 0.01375
0 0.501875 0.83875 0.02125 0.0175
0 0.486875 0.8718750000000001 0.01875 0.02375
0 0.48 0.983125 0.0475 0.02375
0 0.268125 0.681875 0.00875 0.00625
0 0.275 0.658125 0.0075 0.00625
0 0.27125 0.664375 0.0075 0.00625
