0 0.03625 0.9550000000000001 0.0175 0.02
0 0.185625 0.775 0.02125 0.02
0 0.36 0.5625 0.0225 0.02
0 0.3925 0.695625 0.02 0.02625
0 0.455625 0.755625 0.03875 0.02125
0 0.52625 0.788125 0.0275 0.02875
0 0.646875 0.6431250000000001 0.01625 0.02125
0 0.6793750000000001 0.948125 0.03625 0.02125
0 0.18812500000000001 0.561875 0.03125 0.02625
0 0.130625 0.573125 0.01875 0.02375
0 0.08375 0.561875 0.015 0.01625
0 0.8375 0.1275 0.015 0.035
0 0.82625 0.08875 0.005 0.0125
0 0.90625 0.045 0.01 0.0125
0 0.90625 0.49562500000000004 0.0125 0.01125
