0 0.7975 0.01375 0.0375 0.0275
0 0.753125 0.105 0.01375 0.0225
0 0.8 0.095625 0.0225 0.03625
0 0.925 0.08750000000000001 0.015 0.02
0 0.276875 0.2325 0.01875 0.0175
0 0.45625 0.29625 0.0225 0.0275
0 0.685 0.308125 0.0125 0.02625
0 0.76 0.23500000000000001 0.0225 0.0725
0 0.841875 0.32125 0.02625 0.03
0 0.395625 0.44875 0.01625 0.015
0 0.43 0.484375 0.0175 0.03625
0 0.5337500000000001 0.449375 0.0125 0.02875
0 0.75125 0.374375 0.0175 0.04875
0 0.7468750000000001 0.50375 0.01875 0.04
0 0.378125 0.63125 0.01125 0.035
0 0.48 0.5825 0.02 0.04
0 0.42312500000000003 0.719375 0.01875 0.03125
0 0.748125 0.58375 0.02125 0.0175
0 0.951875 0.588125 0.01375 0.01375
0 0.9393750000000001 0.619375 0.03625 0.04125
0 0.708125 0.7000000000000001 0.02625 0.0375
0 0.906875 0.6481250000000001 0.01125 0.02625
0 0.630625 0.8356250000000001 0.01875 0.02125
0 0.6475 0.8768750000000001 0.015 0.02375
0 0.62875 0.981875 0.02 0.01625
0 0.73 0.923125 0.015 0.01625
0 0.771875 0.9675 0.02125 0.015
0 0.19187500000000002 0.8275 0.02125 0.035
0 0.264375 0.69125 0.02125 0.0275
0 0.26375 0.77 0.0225 0.0375
0 0.27625 0.87 0.015 0.03
0 0.81875 0.949375 0.0175 0.01875
