0 0.68125 0.13 0.005 0.01
0 0.67125 0.12687500000000002 0.005 0.00625
0 0.615 0.19187500000000002 0.005 0.00625
0 0.606875 0.1625 0.00625 0.005
0 0.604375 0.19 0.00625 0.005
0 0.5775 0.1975 0.005 0.005
0 0.565625 0.196875 0.00625 0.00625
0 0.551875 0.17625 0.00375 0.005
0 0.551875 0.15812500000000002 0.00625 0.00375
0 0.5475 0.165 0.005 0.005
0 0.724375 0.255625 0.00625 0.00375
0 0.6843750000000001 0.215625 0.00625 0.00625
0 0.618125 0.39687500000000003 0.00375 0.00375
0 0.075625 0.033125 0.00875 0.00625
0 0.468125 0.0125 0.00875 0.0125
0 0.46187500000000004 0.0125 0.00625 0.01
0 0.4575 0.014375 0.0075 0.01125
0 0.4525 0.01625 0.0075 0.0125
0 0.486875 0.015 0.00375 0.005
