0 0.45937500000000003 0.35625 0.00875 0.0075
0 0.7525000000000001 0.539375 0.0175 0.02125
0 0.55375 0.151875 0.0125 0.01125
0 0.374375 0.635 0.02875 0.0075
0 0.3725 0.628125 0.0275 0.00875
0 0.3725 0.6218750000000001 0.0275 0.00875
0 0.3725 0.613125 0.0275 0.00875
0 0.375 0.604375 0.025 0.00875
0 0.4025 0.5387500000000001 0.005 0.005
0 0.545 0.5493750000000001 0.005 0.00625
0 0.389375 0.65625 0.00625 0.005
0 0.385625 0.664375 0.00625 0.00625
0 0.39437500000000003 0.4975 0.00625 0.005
0 0.42125 0.481875 0.005 0.00625
0 0.49125 0.53125 0.0075 0.005
0 0.39875 0.49125 0.005 0.005
