0 0.213125 0.155625 0.01625 0.02375
0 0.23875000000000002 0.146875 0.01 0.02375
0 0.433125 0.069375 0.01125 0.01375
0 0.49312500000000004 0.11875000000000001 0.01125 0.0175
0 0.62125 0.058750000000000004 0.015 0.01
0 0.69625 0.1125 0.0125 0.0175
0 0.7025 0.02125 0.0125 0.0125
0 0.758125 0.075625 0.00625 0.00875
0 0.7825 0.088125 0.01 0.01375
0 0.765625 0.11875000000000001 0.01375 0.0125
0 0.79 0.151875 0.0225 0.03375
0 0.8612500000000001 0.12687500000000002 0.015 0.01125
0 0.979375 0.093125 0.01625 0.01875
0 0.9725 0.13375 0.0175 0.0225
0 0.920625 0.055 0.00625 0.0075
0 0.85 0.24875 0.0075 0.0125
0 0.651875 0.268125 0.00875 0.00625
