0 0.3825 0.55875 0.025 0.015
0 0.475625 0.419375 0.01625 0.02375
0 0.5387500000000001 0.33437500000000003 0.03 0.02125
0 0.6725 0.805 0.035 0.0325
0 0.859375 0.795625 0.04125 0.02375
0 0.811875 0.9175 0.04125 0.0225
0 0.9925 0.966875 0.0125 0.00875
0 0.12562500000000001 0.458125 0.01625 0.00875
0 0.151875 0.434375 0.02625 0.01625
0 0.138125 0.315 0.02125 0.0175
0 0.123125 0.28750000000000003 0.01625 0.01
0 0.14875 0.276875 0.0125 0.01375
0 0.15812500000000002 0.25625 0.01375 0.02
0 0.178125 0.26875 0.01625 0.0175
0 0.516875 0.124375 0.01125 0.01375
0 0.10125 0.5906250000000001 0.015 0.01125
0 0.444375 0.14875 0.01625 0.015
