0 0.038125 0.7925 0.043750000000000004 0.0175
0 0.013125 0.9675 0.02625 0.025
0 0.143125 0.915625 0.02125 0.01375
0 0.1675 0.37875000000000003 0.02 0.0125
0 0.371875 0.528125 0.01875 0.01875
0 0.7518750000000001 0.5725 0.03125 0.0175
0 0.905625 0.614375 0.03625 0.02125
0 0.80375 0.411875 0.0375 0.02625
0 0.94375 0.44875 0.0375 0.02
0 0.6900000000000001 0.3525 0.025 0.0175
0 0.626875 0.23875000000000002 0.02125 0.015
0 0.77 0.198125 0.0275 0.02375
0 0.913125 0.238125 0.02375 0.01875
0 0.7987500000000001 0.749375 0.045 0.02125
0 0.974375 0.7525000000000001 0.03625 0.0275
0 0.4625 0.20625000000000002 0.025 0.0175
0 0.479375 0.025 0.01875 0.0125
