0 0.11 0.76375 0.0475 0.0325
0 0.2775 0.720625 0.0325 0.03125
0 0.17250000000000001 0.464375 0.0325 0.03625
0 0.110625 0.306875 0.02625 0.02375
0 0.30375 0.364375 0.035 0.03375
0 0.308125 0.193125 0.02375 0.01875
0 0.40125 0.26875 0.0325 0.025
0 0.078125 0.88125 0.04625 0.0425
0 0.498125 0.509375 0.04125 0.04125
0 0.484375 0.021875000000000002 0.02625 0.02125
0 0.568125 0.183125 0.03375 0.02375
0 0.703125 0.19 0.03125 0.0225
0 0.6525 0.01 0.0375 0.02
0 0.796875 0.035 0.03375 0.02
0 0.945625 0.105625 0.043750000000000004 0.03125
