0 0.645 0.14625 0.0175 0.0175
0 0.938125 0.02625 0.03875 0.0275
0 0.84375 0.709375 0.0175 0.01875
0 0.228125 0.564375 0.00875 0.00625
0 0.24 0.576875 0.015 0.00875
0 0.28750000000000003 0.59125 0.0125 0.0175
0 0.30375 0.583125 0.0175 0.01125
0 0.30312500000000003 0.596875 0.01125 0.01125
0 0.8175 0.83125 0.0125 0.0075
0 0.8300000000000001 0.8306250000000001 0.01 0.01125
0 0.83375 0.84 0.005 0.0075
0 0.826875 0.909375 0.00875 0.01125
0 0.828125 0.926875 0.01125 0.01625
0 0.875625 0.926875 0.00875 0.01875
0 0.87625 0.94125 0.0125 0.01
0 0.874375 0.954375 0.00875 0.01375
0 0.865625 0.96375 0.00875 0.01
