0 0.06625 0.78125 0.0275 0.0175
0 0.08750000000000001 0.76625 0.0175 0.0125
0 0.09875 0.75 0.015 0.015
0 0.764375 0.533125 0.01875 0.02625
0 0.868125 0.918125 0.04625 0.02625
0 0.985625 0.39625 0.02125 0.0375
0 0.98 0.593125 0.0375 0.03125
0 0.770625 0.015 0.02625 0.03
0 0.17125 0.2525 0.015 0.02
0 0.1925 0.25375000000000003 0.0225 0.025
0 0.1 0.28375 0.0175 0.03
0 0.069375 0.27375 0.01375 0.0225
0 0.054375 0.28750000000000003 0.02375 0.035
0 0.021875000000000002 0.289375 0.02375 0.03375
0 0.015625 0.4325 0.00875 0.015
