0 0.49 0.47250000000000003 0.0175 0.0175
0 0.505 0.433125 0.0125 0.01375
0 0.531875 0.4575 0.01625 0.0125
0 0.45687500000000003 0.930625 0.01375 0.01875
0 0.481875 0.93875 0.01375 0.02
0 0.49562500000000004 0.8925000000000001 0.00875 0.0175
0 0.5325 0.8725 0.02 0.02
0 0.51 0.888125 0.0175 0.02625
0 0.52875 0.89375 0.0125 0.015
0 0.55375 0.888125 0.0125 0.00875
0 0.5625 0.8768750000000001 0.015 0.00875
0 0.510625 0.9081250000000001 0.01625 0.01625
0 0.561875 0.894375 0.01375 0.01125
0 0.808125 0.19375 0.00625 0.005
0 0.810625 0.25375000000000003 0.00625 0.01
