0 0.11875000000000001 0.468125 0.0375 0.02875
0 0.178125 0.52125 0.02875 0.0325
0 0.250625 0.56125 0.051250000000000004 0.0475
0 0.278125 0.63875 0.01625 0.0225
0 0.33875 0.596875 0.025 0.01625
0 0.34875 0.630625 0.0175 0.01875
0 0.28875 0.77 0.025 0.05
0 0.326875 0.726875 0.01625 0.01875
0 0.361875 0.7418750000000001 0.01625 0.02875
0 0.410625 0.780625 0.02125 0.02875
0 0.4425 0.8325 0.0125 0.015
0 0.32 0.8725 0.025 0.05
0 0.3925 0.854375 0.0225 0.02125
0 0.52 0.9343750000000001 0.015 0.02625
0 0.22875 0.425 0.0325 0.0225
0 0.27375 0.500625 0.025 0.01625
0 0.469375 0.9812500000000001 0.04125 0.0175
0 0.445625 0.723125 0.00875 0.01375
0 0.9875 0.564375 0.0225 0.01875
0 0.11875000000000001 0.35375 0.0075 0.0075
0 0.1275 0.354375 0.005 0.00625
0 0.133125 0.35375 0.00625 0.01
