0 0.76875 0.605 0.01 0.01
0 0.69375 0.50125 0.01 0.0075
0 0.614375 0.498125 0.00625 0.00375
0 0.61 0.51125 0.0075 0.01
0 0.6075 0.5493750000000001 0.0125 0.01375
0 0.613125 0.57625 0.00875 0.0075
0 0.6125 0.624375 0.01 0.00875
0 0.634375 0.32625 0.00625 0.0075
0 0.640625 0.3425 0.00875 0.01
0 0.62375 0.48875 0.0075 0.005
0 0.656875 0.475625 0.00625 0.00875
0 0.64375 0.475625 0.005 0.00625
0 0.73875 0.5825 0.005 0.005
0 0.7275 0.561875 0.005 0.00625
0 0.728125 0.5725 0.00375 0.005
0 0.73375 0.570625 0.005 0.00625
0 0.733125 0.576875 0.00375 0.00625
0 0.720625 0.551875 0.00375 0.00875
0 0.7262500000000001 0.555625 0.005 0.00375
0 0.738125 0.558125 0.00375 0.00625
0 0.7425 0.56375 0.005 0.005
0 0.71375 0.52875 0.005 0.005
0 0.88125 0.829375 0.005 0.00375
0 0.885625 0.819375 0.00375 0.00625
0 0.793125 0.68125 0.00625 0.005
0 0.7925 0.690625 0.005 0.00625
0 0.785625 0.71125 0.00625 0.0075
0 0.795 0.71375 0.005 0.0075
0 0.795625 0.720625 0.00625 0.00375
0 0.788125 0.7468750000000001 0.00625 0.00375
0 0.803125 0.745 0.00625 0.0075
0 0.850625 0.789375 0.00625 0.00625
0 0.870625 0.800625 0.00375 0.00375
0 0.855625 0.80375 0.00375 0.005
0 0.834375 0.7825 0.00375 0.005
0 0.836875 0.775 0.00375 0.005
0 0.88 0.8075 0.0025 0.005
0 0.813125 0.7725 0.00375 0.005
0 0.7875 0.72875 0.005 0.005
0 0.79625 0.728125 0.005 0.00375
0 0.806875 0.7675000000000001 0.00375 0.005
0 0.811875 0.765625 0.00375 0.00625
0 0.825625 0.77375 0.00375 0.005
0 0.7993750000000001 0.75125 0.00375 0.0075
0 0.8075 0.75125 0.005 0.0075
0 0.844375 0.791875 0.00375 0.00625
0 0.8668750000000001 0.8075 0.00375 0.005
0 0.821875 0.764375 0.00375 0.00375
