0 0.53125 0.49 0.01 0.01
0 0.545625 0.511875 0.00625 0.01125
0 0.441875 0.418125 0.00625 0.00875
0 0.86 0.5525 0.005 0.0075
0 0.795625 0.6168750000000001 0.00625 0.00625
0 0.8150000000000001 0.635 0.0075 0.0075
0 0.7875 0.60875 0.005 0.005
0 0.8 0.6225 0.005 0.0075
0 0.9237500000000001 0.709375 0.005 0.00625
0 0.93625 0.73375 0.0075 0.01
0 0.949375 0.743125 0.00625 0.00625
0 0.9525 0.75375 0.005 0.0075
0 0.93125 0.80625 0.0075 0.0075
0 0.96375 0.8425 0.005 0.0075
0 0.98 0.85875 0.005 0.005
0 0.92875 0.7775 0.005 0.0075
0 0.941875 0.7887500000000001 0.00625 0.01
0 0.88625 0.676875 0.0075 0.00875
0 0.8175 0.58 0.005 0.005
0 0.87125 0.6725 0.005 0.005
0 0.7925 0.601875 0.005 0.00625
0 0.795625 0.61125 0.00375 0.0075
0 0.930625 0.77 0.00375 0.0075
0 0.94375 0.77875 0.0075 0.005
0 0.928125 0.791875 0.00625 0.00625
0 0.9425 0.8025 0.0075 0.01
0 0.9425 0.76125 0.005 0.0075
0 0.93 0.718125 0.0075 0.00625
0 0.9343750000000001 0.754375 0.00625 0.01125
0 0.933125 0.7425 0.00625 0.0075
0 0.886875 0.6843750000000001 0.00375 0.00625
0 0.928125 0.880625 0.00625 0.00625
0 0.95125 0.870625 0.0075 0.00625
0 0.945625 0.8425 0.00625 0.0075
0 0.9400000000000001 0.874375 0.0075 0.00625
0 0.9556250000000001 0.761875 0.00375 0.00625
0 0.935625 0.765625 0.00375 0.00875
0 0.8300000000000001 0.6375000000000001 0.005 0.0075
0 0.843125 0.644375 0.00625 0.00625
0 0.84875 0.55875 0.0075 0.01
