0 0.00625 0.508125 0.0125 0.02375
0 0.013125 0.534375 0.00875 0.01125
0 0.046875 0.48875 0.01125 0.01
0 0.064375 0.5925 0.00625 0.0075
0 0.085625 0.6525 0.00625 0.0075
0 0.08 0.676875 0.005 0.00875
0 0.0825 0.698125 0.0075 0.00875
0 0.154375 0.766875 0.00875 0.01125
0 0.21 0.790625 0.005 0.00625
0 0.228125 0.78125 0.01125 0.0125
0 0.245 0.77625 0.0125 0.015
0 0.39437500000000003 0.7975 0.00875 0.0125
0 0.28125 0.8475 0.01 0.0075
0 0.41625 0.7887500000000001 0.01 0.01
0 0.4675 0.793125 0.01 0.00875
0 0.48562500000000003 0.7725 0.01125 0.015
0 0.774375 0.763125 0.01125 0.01125
0 0.788125 0.750625 0.01125 0.00875
0 0.349375 0.928125 0.01125 0.01875
0 0.383125 0.905 0.01125 0.0175
0 0.53 0.98375 0.015 0.015
0 0.74875 0.56 0.01 0.0125
0 0.08375 0.948125 0.005 0.00875
0 0.091875 0.954375 0.00625 0.00625
0 0.060625 0.605 0.00625 0.005
0 0.73625 0.64875 0.005 0.0075
0 0.7375 0.6575 0.0075 0.005
0 0.735 0.665625 0.0075 0.00625
0 0.5906250000000001 0.715 0.00625 0.0075
0 0.6025 0.713125 0.0075 0.00625
0 0.615 0.71125 0.0075 0.0075
0 0.630625 0.706875 0.00625 0.00625
