0 0.341875 0.0325 0.00625 0.0075
0 0.3375 0.045625 0.0075 0.00625
0 0.328125 0.064375 0.00625 0.00375
0 0.328125 0.073125 0.00875 0.00625
0 0.3275 0.07875 0.005 0.0075
0 0.336875 0.08125 0.00875 0.0075
0 0.33625 0.09 0.005 0.005
0 0.33375 0.10125 0.005 0.005
0 0.328125 0.114375 0.00625 0.00625
0 0.32625 0.128125 0.0075 0.00625
0 0.29875 0.165625 0.005 0.00625
0 0.33 0.2475 0.005 0.0075
0 0.3225 0.240625 0.005 0.00875
0 0.325 0.26125 0.01 0.005
0 0.32 0.27 0.0075 0.005
0 0.30625 0.264375 0.005 0.00625
0 0.29 0.265 0.0075 0.0075
0 0.30062500000000003 0.2675 0.00625 0.0075
0 0.30625 0.275 0.005 0.005
