0 0.5775 0.57625 0.005 0.0075
0 0.57875 0.433125 0.0075 0.00875
0 0.5675 0.44 0.0075 0.0075
0 0.578125 0.5075000000000001 0.00625 0.005
0 0.5725 0.509375 0.0075 0.00625
0 0.579375 0.514375 0.00875 0.00625
0 0.6062500000000001 0.608125 0.005 0.00625
0 0.601875 0.6218750000000001 0.00625 0.00875
0 0.614375 0.625625 0.00625 0.00625
0 0.61125 0.630625 0.005 0.00875
0 0.605 0.65375 0.005 0.005
0 0.61 0.64 0.0075 0.005
0 0.6118750000000001 0.65125 0.00875 0.01
0 0.67375 0.701875 0.0075 0.00625
0 0.668125 0.7212500000000001 0.00875 0.01
0 0.68125 0.786875 0.005 0.00625
0 0.680625 0.793125 0.00875 0.00625
0 0.688125 0.865 0.00625 0.01
0 0.69875 0.83375 0.0075 0.0075
0 0.6725 0.8775000000000001 0.0075 0.005
0 0.6675 0.854375 0.0075 0.00875
