0 0.11125 0.49375 0.01 0.0075
0 0.135625 0.47750000000000004 0.00625 0.005
0 0.093125 0.530625 0.00625 0.00625
0 0.10375000000000001 0.61625 0.005 0.005
0 0.11875000000000001 0.6825 0.0075 0.005
0 0.0925 0.705 0.005 0.005
0 0.09125 0.693125 0.005 0.00625
0 0.0975 0.7000000000000001 0.005 0.005
0 0.10187500000000001 0.7075 0.00625 0.005
0 0.105 0.718125 0.005 0.00625
0 0.115625 0.691875 0.00625 0.00625
0 0.10875 0.691875 0.005 0.00625
0 0.0525 0.705 0.005 0.0075
0 0.109375 0.71375 0.00375 0.005
0 0.0525 0.7425 0.005 0.0075
0 0.12625 0.615 0.005 0.0075
0 0.12125 0.628125 0.005 0.00625
