0 0.534375 0.18375 0.00875 0.01
0 0.5275 0.236875 0.01 0.01125
0 0.7156250000000001 0.2325 0.01125 0.015
0 0.62875 0.47250000000000003 0.01 0.01
0 0.569375 0.27875 0.00625 0.005
0 0.564375 0.273125 0.00375 0.00625
0 0.6062500000000001 0.280625 0.005 0.00625
0 0.67875 0.779375 0.01 0.00875
0 0.6875 0.37625000000000003 0.005 0.005
0 0.6725 0.375625 0.0025 0.00375
0 0.6575 0.39125 0.005 0.005
0 0.69875 0.398125 0.005 0.00625
0 0.709375 0.416875 0.00375 0.00375
0 0.699375 0.465 0.00625 0.005
0 0.70125 0.43062500000000004 0.0075 0.00625
0 0.7075 0.445625 0.0075 0.00625
0 0.6725 0.42375 0.0075 0.005
0 0.689375 0.42875 0.00625 0.005
0 0.688125 0.41625 0.00625 0.005
0 0.6725 0.418125 0.005 0.00375
0 0.68125 0.76125 0.0075 0.005
0 0.628125 0.720625 0.01125 0.00875
0 0.6062500000000001 0.735625 0.0075 0.00625
0 0.413125 0.663125 0.00625 0.00625
0 0.4425 0.673125 0.0075 0.00625
0 0.660625 0.711875 0.00875 0.00625
0 0.6075 0.75625 0.005 0.005
0 0.610625 0.76125 0.00875 0.0075
0 0.62375 0.7831250000000001 0.0075 0.00375
0 0.5856250000000001 0.731875 0.00625 0.00625
0 0.601875 0.7312500000000001 0.00625 0.005
0 0.561875 0.6950000000000001 0.00375 0.0075
0 0.5075000000000001 0.65625 0.005 0.005
0 0.536875 0.67625 0.00375 0.005
0 0.546875 0.70875 0.00625 0.005
0 0.6218750000000001 0.756875 0.00625 0.00625
0 0.6075 0.76875 0.005 0.005
0 0.568125 0.70125 0.00625 0.005
0 0.479375 0.661875 0.00625 0.00625
0 0.61875 0.76625 0.005 0.005
0 0.618125 0.776875 0.00625 0.00625
0 0.633125 0.774375 0.00375 0.00625
0 0.5593750000000001 0.72 0.00625 0.005
0 0.5725 0.730625 0.0075 0.00625
0 0.56625 0.7225 0.0075 0.005
0 0.551875 0.69875 0.00375 0.005
0 0.556875 0.69125 0.00375 0.005
0 0.514375 0.6675 0.00625 0.005
0 0.465625 0.6675 0.00375 0.005
0 0.645 0.711875 0.005 0.00625
0 0.669375 0.70625 0.00375 0.005
0 0.631875 0.750625 0.00875 0.00875
0 0.639375 0.76125 0.00625 0.005
0 0.62625 0.77375 0.0075 0.005
0 0.62375 0.763125 0.0075 0.00625
0 0.6325000000000001 0.7675000000000001 0.005 0.0075
0 0.5875 0.755 0.005 0.005
0 0.575625 0.7418750000000001 0.00625 0.00375
0 0.561875 0.70875 0.00625 0.0075
0 0.55375 0.71375 0.005 0.005
0 0.5543750000000001 0.70625 0.01125 0.0075
0 0.65 0.696875 0.005 0.00625
0 0.618125 0.709375 0.00625 0.00625
0 0.4225 0.6531250000000001 0.0075 0.00625
0 0.71625 0.460625 0.005 0.00375
0 0.671875 0.395625 0.00875 0.00625
