0 0.36375 0.53625 0.0075 0.01
0 0.41375 0.6168750000000001 0.0075 0.00625
0 0.6743750000000001 0.27 0.02125 0.0225
0 0.7125 0.340625 0.0375 0.02125
0 0.855 0.32625 0.03 0.035
0 0.245625 0.65 0.00625 0.0075
0 0.150625 0.58625 0.00625 0.0075
0 0.140625 0.58625 0.00625 0.0075
0 0.14375000000000002 0.615 0.005 0.0075
0 0.15125 0.61875 0.005 0.005
0 0.1875 0.631875 0.005 0.00625
0 0.1975 0.62 0.005 0.0075
0 0.22875 0.63375 0.005 0.005
0 0.22312500000000002 0.63375 0.00375 0.005
0 0.1625 0.635625 0.005 0.00375
0 0.225625 0.623125 0.00375 0.00625
0 0.21625 0.629375 0.005 0.00375
0 0.21375 0.635 0.005 0.005
0 0.231875 0.619375 0.00375 0.00625
