0 0.22187500000000002 0.41000000000000003 0.01625 0.0125
0 0.2725 0.36312500000000003 0.0125 0.01375
0 0.294375 0.33875 0.01125 0.015
0 0.293125 0.39687500000000003 0.01125 0.01375
0 0.30125 0.41125 0.0125 0.0125
0 0.32 0.5275 0.015 0.0125
0 0.30875 0.588125 0.01 0.01625
0 0.3325 0.626875 0.0075 0.01125
0 0.07187500000000001 0.728125 0.00875 0.01125
0 0.214375 0.78125 0.01625 0.0125
0 0.378125 0.9237500000000001 0.01625 0.0175
0 0.390625 0.77875 0.01375 0.0125
0 0.573125 0.7731250000000001 0.01125 0.01125
0 0.44375000000000003 0.70875 0.0125 0.0125
0 0.4625 0.731875 0.0125 0.01375
0 0.73 0.41375 0.0125 0.015
0 0.439375 0.49875 0.01375 0.015
0 0.600625 0.09625 0.01125 0.0125
0 0.293125 0.93875 0.01125 0.01
0 0.4525 0.25 0.015 0.0225
0 0.539375 0.21625 0.01375 0.015
0 0.69375 0.526875 0.015 0.01625
0 0.45437500000000003 0.784375 0.01125 0.01125
0 0.065625 0.7681250000000001 0.01125 0.01875
0 0.716875 0.724375 0.01125 0.01125
