0 0.32625 0.7925 0.0125 0.0175
0 0.345625 0.819375 0.01125 0.01125
0 0.365 0.82125 0.01 0.0125
0 0.39 0.851875 0.01 0.01375
0 0.40875 0.878125 0.01 0.01125
0 0.42375 0.9525 0.01 0.0075
0 0.525625 0.989375 0.00875 0.00875
0 0.46875 0.9825 0.01 0.0125
0 0.479375 0.9500000000000001 0.00625 0.01
0 0.464375 0.9575 0.01125 0.0125
0 0.465625 0.966875 0.01125 0.01125
0 0.460625 0.931875 0.01375 0.01125
0 0.10312500000000001 0.358125 0.00875 0.01875
0 0.11937500000000001 0.3575 0.01125 0.015
0 0.11 0.3275 0.01 0.01
0 0.199375 0.70875 0.01375 0.015
0 0.224375 0.73875 0.01125 0.0175
0 0.248125 0.75875 0.01125 0.0125
0 0.28250000000000003 0.7781250000000001 0.01 0.01375
