0 0.458125 0.835 0.01625 0.02
0 0.664375 0.48375 0.01625 0.015
0 0.714375 0.405625 0.01875 0.01375
0 0.110625 0.26 0.02375 0.03
0 0.00375 0.136875 0.0075 0.01125
0 0.005 0.09375 0.01 0.0075
0 0.035 0.061875 0.0075 0.00875
0 0.02 0.07187500000000001 0.015 0.00875
0 0.013125 0.08875 0.01125 0.005
0 0.015 0.109375 0.0125 0.00875
0 0.029375000000000002 0.100625 0.01125 0.00875
0 0.024375 0.08625000000000001 0.00875 0.0075
0 0.055 0.074375 0.01 0.00875
0 0.054375 0.098125 0.00875 0.01125
0 0.034375 0.11625 0.01125 0.01
0 0.06125 0.123125 0.0125 0.00875
0 0.07625 0.08687500000000001 0.01 0.01125
0 0.075625 0.11125 0.01375 0.01
0 0.09 0.10125 0.0125 0.0125
0 0.066875 0.16125 0.01125 0.0075
0 0.104375 0.15875 0.01375 0.01
0 0.17625 0.168125 0.015 0.01875
