0 0.574375 0.074375 0.01625 0.02375
0 0.575625 0.699375 0.01875 0.01625
0 0.995625 0.13625 0.00625 0.005
0 0.983125 0.134375 0.00625 0.00875
0 0.988125 0.11375 0.00875 0.01
0 0.9762500000000001 0.11375 0.01 0.01
0 0.9656250000000001 0.105625 0.01125 0.01125
0 0.935 0.099375 0.0075 0.00875
0 0.946875 0.10250000000000001 0.01125 0.0075
0 0.951875 0.09375 0.00875 0.01
0 0.938125 0.08625000000000001 0.00875 0.01
0 0.951875 0.078125 0.01125 0.01375
0 0.9625 0.075625 0.0075 0.00875
0 0.966875 0.06 0.00625 0.01
0 0.973125 0.091875 0.00625 0.00625
0 0.971875 0.081875 0.00875 0.00875
0 0.9712500000000001 0.073125 0.0075 0.00625
0 0.9775 0.058125 0.0075 0.00875
0 0.983125 0.06875 0.00875 0.01
0 0.989375 0.079375 0.00375 0.00625
0 0.9925 0.08687500000000001 0.0075 0.00625
0 0.995 0.061875 0.0075 0.00625
