0 0.16 0.38625 0.0125 0.0125
0 0.18812500000000001 0.37 0.01125 0.0125
0 0.109375 0.050625 0.01125 0.01125
0 0.14875 0.090625 0.01 0.01125
0 0.30375 0.04625 0.005 0.0075
0 0.319375 0.034375 0.00875 0.00875
0 0.3225 0.044375 0.0075 0.00625
0 0.33437500000000003 0.040625 0.00875 0.00625
0 0.34375 0.054375 0.0075 0.00625
0 0.42312500000000003 0.0475 0.01125 0.01
0 0.375625 0.068125 0.00875 0.00875
0 0.39875 0.04 0.01 0.0075
0 0.39875 0.051875000000000004 0.005 0.00625
0 0.405625 0.065625 0.00625 0.00875
0 0.39125 0.075625 0.005 0.00625
0 0.416875 0.093125 0.00625 0.00875
0 0.4225 0.07 0.005 0.0075
0 0.30375 0.08750000000000001 0.0125 0.01
