0 0.775 0.180625 0.0325 0.04625
0 0.80125 0.2425 0.015 0.0275
0 0.8250000000000001 0.314375 0.0275 0.02875
0 0.8150000000000001 0.378125 0.015 0.03375
0 0.8 0.6825 0.015 0.0325
0 0.844375 0.749375 0.01125 0.01625
0 0.700625 0.03625 0.01375 0.02
0 0.74125 0.051875000000000004 0.0125 0.01375
0 0.59125 0.10250000000000001 0.0125 0.0125
0 0.614375 0.091875 0.01875 0.01125
0 0.620625 0.15875 0.01625 0.015
0 0.6431250000000001 0.1325 0.01375 0.015
0 0.418125 0.270625 0.00875 0.01625
0 0.42375 0.3 0.0125 0.0175
0 0.44125000000000003 0.275625 0.015 0.02125
