0 0.213125 0.231875 0.00875 0.00875
0 0.24 0.22312500000000002 0.0075 0.00875
0 0.346875 0.2325 0.00875 0.01
0 0.36125 0.2625 0.0075 0.0075
0 0.366875 0.26937500000000003 0.00625 0.00625
0 0.411875 0.34 0.00875 0.0075
0 0.31375000000000003 0.3875 0.0075 0.0075
0 0.383125 0.390625 0.00625 0.00875
0 0.38 0.413125 0.0075 0.00875
0 0.375 0.47000000000000003 0.0075 0.0075
0 0.8150000000000001 0.355625 0.0125 0.01125
0 0.8456250000000001 0.3825 0.00875 0.0125
0 0.8612500000000001 0.405625 0.01 0.01125
0 0.879375 0.433125 0.01125 0.00875
0 0.374375 0.369375 0.00625 0.00625
0 0.33187500000000003 0.41500000000000004 0.00375 0.005
0 0.390625 0.351875 0.00375 0.00375
0 0.39437500000000003 0.3675 0.00625 0.005
0 0.36062500000000003 0.361875 0.00375 0.00375
0 0.373125 0.36 0.00625 0.005
0 0.36375 0.369375 0.005 0.00375
0 0.3375 0.445625 0.005 0.01125
0 0.32937500000000003 0.444375 0.00875 0.01125
0 0.35875 0.494375 0.005 0.00375
0 0.375 0.50125 0.0075 0.0125
