0 0.204375 0.00375 0.00625 0.0075
0 0.231875 0.0225 0.00625 0.005
0 0.23875000000000002 0.0275 0.005 0.005
0 0.25 0.04625 0.005 0.005
0 0.25625 0.0675 0.005 0.005
0 0.229375 0.08875 0.00625 0.0075
0 0.23125 0.1125 0.0075 0.005
0 0.243125 0.12125 0.00625 0.005
0 0.20750000000000002 0.211875 0.0075 0.01125
0 0.2225 0.23875000000000002 0.005 0.0075
0 0.24125 0.2525 0.0075 0.0075
0 0.245 0.0175 0.005 0.005
0 0.25625 0.024375 0.005 0.00625
0 0.24875 0.2925 0.0075 0.005
0 0.253125 0.28750000000000003 0.00625 0.005
0 0.248125 0.306875 0.00625 0.00625
0 0.235625 0.30312500000000003 0.00625 0.00625
0 0.22875 0.320625 0.0075 0.00875
0 0.24125 0.311875 0.0075 0.01125
0 0.229375 0.261875 0.00625 0.00375
0 0.22 0.25625 0.005 0.005
0 0.204375 0.19375 0.00875 0.01
0 0.209375 0.336875 0.00625 0.00625
0 0.209375 0.349375 0.00875 0.00625
0 0.208125 0.3575 0.00625 0.005
0 0.218125 0.375625 0.00625 0.00625
0 0.216875 0.384375 0.00625 0.00375
0 0.216875 0.390625 0.00375 0.00625
0 0.216875 0.4 0.00625 0.0075
0 0.24 0.44375000000000003 0.0075 0.0075
0 0.251875 0.449375 0.00875 0.00625
0 0.270625 0.49062500000000003 0.00875 0.00625
0 0.245625 0.453125 0.00625 0.00625
0 0.28 0.501875 0.0075 0.00625
0 0.21937500000000001 0.4425 0.00625 0.005
0 0.23 0.45437500000000003 0.0075 0.00625
0 0.25625 0.465625 0.0075 0.00375
0 0.235625 0.326875 0.00625 0.00625
0 0.216875 0.36875 0.00625 0.0075
0 0.239375 0.335625 0.00625 0.00625
0 0.2475 0.2675 0.0075 0.0075
0 0.293125 0.510625 0.00625 0.00625
0 0.256875 0.2725 0.00625 0.0075
0 0.231875 0.140625 0.00875 0.01375
0 0.489375 0.775625 0.00625 0.00875
0 0.48875 0.760625 0.0075 0.00625
0 0.498125 0.731875 0.00875 0.00625
0 0.434375 0.673125 0.00625 0.00625
0 0.40375 0.67 0.0075 0.005
0 0.505 0.756875 0.01 0.00625
0 0.51875 0.735625 0.0075 0.00625
0 0.261875 0.68625 0.00625 0.005
0 0.29875 0.561875 0.01 0.00875
0 0.321875 0.520625 0.00625 0.00625
0 0.2775 0.5493750000000001 0.005 0.00375
0 0.5856250000000001 0.919375 0.00875 0.00875
