0 0.663125 0.348125 0.00625 0.00625
0 0.603125 0.426875 0.00625 0.00875
0 0.6425 0.45 0.0225 0.02
0 0.620625 0.46875 0.00625 0.005
0 0.673125 0.50125 0.01625 0.0075
0 0.70625 0.43625 0.005 0.005
0 0.699375 0.449375 0.00375 0.00375
0 0.724375 0.449375 0.00625 0.00625
0 0.71625 0.47875 0.005 0.005
0 0.706875 0.45875 0.00375 0.005
0 0.7275 0.47750000000000004 0.0025 0.005
0 0.698125 0.50375 0.00625 0.005
0 0.735625 0.5075000000000001 0.00625 0.005
0 0.735 0.516875 0.0075 0.00625
0 0.735625 0.468125 0.00625 0.00375
0 0.7525000000000001 0.599375 0.0075 0.00875
0 0.74875 0.658125 0.005 0.00375
0 0.784375 0.63875 0.00375 0.0075
0 0.7775 0.64875 0.005 0.005
0 0.798125 0.696875 0.00625 0.00625
0 0.6431250000000001 0.6012500000000001 0.00625 0.0125
0 0.6475 0.4875 0.005 0.0075
0 0.67 0.491875 0.005 0.00625
0 0.59125 0.5700000000000001 0.0075 0.0075
0 0.7525000000000001 0.571875 0.005 0.00625
0 0.64125 0.67125 0.0075 0.0075
0 0.5437500000000001 0.670625 0.0075 0.00625
0 0.541875 0.68375 0.00625 0.0075
0 0.723125 0.484375 0.00875 0.00875
0 0.73 0.578125 0.0075 0.00875
0 0.80125 0.735 0.0025 0.005
0 0.79 0.6575 0.005 0.005
0 0.730625 0.500625 0.00375 0.00625
0 0.7475 0.5075000000000001 0.005 0.005
0 0.76125 0.5906250000000001 0.005 0.00875
0 0.77375 0.59125 0.0075 0.0125
0 0.7368750000000001 0.613125 0.00375 0.00375
0 0.75625 0.64625 0.005 0.005
0 0.7575000000000001 0.6575 0.005 0.005
0 0.803125 0.65375 0.00375 0.005
0 0.655 0.34 0.005 0.0075
0 0.67125 0.389375 0.005 0.00625
0 0.686875 0.431875 0.00375 0.00625
0 0.70375 0.445625 0.005 0.00375
0 0.749375 0.55 0.00375 0.005
0 0.739375 0.591875 0.00375 0.00625
0 0.73375 0.6775 0.005 0.005
0 0.7875 0.7525000000000001 0.005 0.005
0 0.805 0.76375 0.005 0.005
0 0.7731250000000001 0.60375 0.00375 0.005
0 0.7731250000000001 0.61875 0.00375 0.005
0 0.73625 0.479375 0.0075 0.01125
0 0.709375 0.4625 0.00375 0.005
0 0.745625 0.48812500000000003 0.01125 0.00875
0 0.530625 0.7312500000000001 0.00625 0.0075
0 0.519375 0.7925 0.00375 0.0075
0 0.5231250000000001 0.7937500000000001 0.00625 0.0075
0 0.519375 0.78 0.00625 0.01
0 0.524375 0.776875 0.00625 0.00625
0 0.515 0.859375 0.005 0.00625
0 0.693125 0.63125 0.01375 0.0125
