0 0.05375 0.70375 0.0225 0.02
0 0.154375 0.64875 0.01625 0.025
0 0.31625000000000003 0.434375 0.025 0.02375
0 0.275 0.364375 0.0275 0.01375
0 0.320625 0.359375 0.02125 0.01625
0 0.309375 0.336875 0.02625 0.01625
0 0.278125 0.281875 0.01625 0.00875
0 0.336875 0.309375 0.02625 0.01375
0 0.3525 0.33625 0.02 0.0225
0 0.359375 0.295625 0.02875 0.01125
0 0.46875 0.31875000000000003 0.02 0.0175
0 0.4675 0.283125 0.025 0.02375
0 0.525625 0.254375 0.02125 0.02125
0 0.551875 0.285625 0.01125 0.02125
0 0.563125 0.270625 0.00875 0.01125
0 0.575625 0.248125 0.01625 0.01875
0 0.58375 0.196875 0.015 0.01625
0 0.615625 0.15625 0.00875 0.0225
0 0.105 0.175625 0.02 0.01875
0 0.305625 0.5125 0.01875 0.025
0 0.15125 0.6775 0.025 0.02
0 0.03375 0.80125 0.0225 0.0175
0 0.05 0.78125 0.0175 0.025
0 0.06375 0.7625000000000001 0.025 0.025
0 0.085625 0.739375 0.02375 0.02625
