0 0.6950000000000001 0.639375 0.0125 0.01875
0 0.7156250000000001 0.675625 0.02625 0.02375
0 0.8612500000000001 0.414375 0.015 0.01125
0 0.9556250000000001 0.385 0.01375 0.015
0 0.635625 0.820625 0.02125 0.03125
0 0.606875 0.796875 0.01625 0.02375
0 0.583125 0.774375 0.01625 0.02375
0 0.5375 0.72375 0.0175 0.025
0 0.51125 0.694375 0.015 0.01625
0 0.486875 0.671875 0.01125 0.01625
0 0.413125 0.59875 0.01625 0.0175
0 0.959375 0.743125 0.02125 0.03375
0 0.94625 0.795625 0.02 0.03375
0 0.466875 0.8931250000000001 0.01375 0.02625
0 0.435625 0.8718750000000001 0.00625 0.01375
0 0.40875 0.843125 0.0125 0.01625
0 0.384375 0.81875 0.00875 0.015
0 0.35875 0.795 0.015 0.02
0 0.330625 0.770625 0.01625 0.01375
0 0.286875 0.763125 0.02375 0.02125
0 0.30875 0.748125 0.01 0.01875
0 0.100625 0.46625 0.02125 0.0175
0 0.79 0.424375 0.0175 0.01375
