0 0.035 0.09375 0.0275 0.03
0 0.11375 0.245625 0.015 0.01875
0 0.129375 0.23125 0.01875 0.025
0 0.12625 0.31375000000000003 0.02 0.0375
0 0.06125 0.59 0.02 0.02
0 0.1875 0.515625 0.0325 0.02125
0 0.43062500000000004 0.6950000000000001 0.01375 0.02
0 0.155625 0.276875 0.01375 0.01875
0 0.211875 0.87 0.02125 0.0375
0 0.750625 0.264375 0.01625 0.03375
0 0.78625 0.251875 0.035 0.03375
0 0.850625 0.229375 0.02875 0.03375
0 0.91 0.23 0.0225 0.03
0 0.920625 0.058750000000000004 0.02625 0.0325
0 0.87125 0.07062500000000001 0.03 0.02625
0 0.863125 0.109375 0.03125 0.02625
0 0.593125 0.164375 0.01875 0.01875
0 0.64375 0.198125 0.0225 0.02375
0 0.68625 0.23625000000000002 0.025 0.025
