0 0.474375 0.891875 0.02375 0.043750000000000004
0 0.61875 0.51875 0.02 0.0575
0 0.7468750000000001 0.6025 0.02375 0.03
0 0.62375 0.370625 0.0275 0.03375
0 0.764375 0.351875 0.04875 0.03875
0 0.656875 0.295625 0.02375 0.03625
0 0.6675 0.245625 0.0375 0.02875
0 0.831875 0.31875000000000003 0.01875 0.035
0 0.594375 0.264375 0.01625 0.02625
0 0.623125 0.23125 0.01625 0.03
0 0.533125 0.1 0.02375 0.045
0 0.544375 0.19375 0.043750000000000004 0.0475
0 0.6825 0.12375 0.025 0.0375
0 0.785 0.145625 0.02 0.04125
0 0.406875 0.03 0.02625 0.05
