0 0.121875 0.310625 0.03125 0.03375
0 0.3875 0.10187500000000001 0.02 0.04125
0 0.398125 0.604375 0.02375 0.04125
0 0.48625 0.7825 0.02 0.05
0 0.5525 0.985625 0.02 0.02625
0 0.62125 0.891875 0.03 0.04625
0 0.743125 0.815625 0.02875 0.04125
0 0.683125 0.50125 0.01625 0.045
0 0.735625 0.2725 0.01625 0.0225
0 0.73 0.355625 0.0175 0.04125
0 0.756875 0.320625 0.01875 0.03375
0 0.78125 0.354375 0.0125 0.02625
0 0.823125 0.3025 0.03375 0.035
0 0.81875 0.43625 0.035 0.03
0 0.87375 0.5962500000000001 0.025 0.0275
0 0.91625 0.68875 0.0225 0.0425
0 0.980625 0.204375 0.01625 0.03625
0 0.964375 0.445 0.02375 0.0375
