0 0.7225 0.581875 0.0125 0.03375
0 0.895 0.548125 0.03 0.01625
0 0.8375 0.9625 0.015 0.0175
0 0.84375 0.995 0.02 0.0075
0 0.8925000000000001 0.9706250000000001 0.0325 0.01375
0 0.901875 0.9243750000000001 0.01875 0.03125
0 0.93375 0.85 0.025 0.0175
0 0.95125 0.76 0.015 0.025
0 0.969375 0.6168750000000001 0.02875 0.01875
0 0.9725 0.7375 0.02 0.015
0 0.9450000000000001 0.71125 0.0425 0.015
0 0.9756250000000001 0.6875 0.02125 0.015
0 0.87375 0.651875 0.0225 0.02375
0 0.969375 0.5437500000000001 0.01875 0.02
0 0.943125 0.65 0.01875 0.02
0 0.800625 0.671875 0.01875 0.01875
0 0.8043750000000001 0.546875 0.01375 0.01875
0 0.791875 0.5425 0.01375 0.02
0 0.606875 0.015625 0.01375 0.01125
0 0.65125 0.251875 0.025 0.01625
