0 0.650625 0.57625 0.01375 0.0225
0 0.638125 0.6125 0.01375 0.0175
0 0.660625 0.626875 0.01625 0.01625
0 0.129375 0.89125 0.051250000000000004 0.0575
0 0.08687500000000001 0.71375 0.01875 0.0275
0 0.2175 0.956875 0.0225 0.02875
0 0.113125 0.5387500000000001 0.04625 0.0375
0 0.17250000000000001 0.68375 0.02 0.0225
0 0.20625000000000002 0.75625 0.0225 0.025
0 0.18 0.7156250000000001 0.02 0.02125
0 0.0375 0.865 0.0125 0.03
0 0.06625 0.853125 0.02 0.01875
0 0.53625 0.03125 0.015 0.015
0 0.56875 0.06625 0.015 0.0125
0 0.58 0.084375 0.015 0.01125
0 0.693125 0.145625 0.01875 0.03625
0 0.7025 0.104375 0.015 0.02375
0 0.7518750000000001 0.113125 0.01625 0.02125
0 0.75375 0.148125 0.0225 0.02125
0 0.81 0.144375 0.015 0.02375
0 0.7625000000000001 0.056875 0.0175 0.02125
0 0.795625 0.08750000000000001 0.01625 0.0325
0 0.84125 0.075 0.0225 0.0175
0 0.815625 0.044375 0.02125 0.01375
0 0.818125 0.0075 0.01875 0.015
0 0.76375 0.005625 0.0125 0.01125
0 0.8406250000000001 0.031875 0.01125 0.01625
0 0.8456250000000001 0.00375 0.02375 0.0075
0 0.87625 0.07625 0.0175 0.0225
0 0.87125 0.021875000000000002 0.025 0.01875
0 0.909375 0.006875 0.01875 0.01375
0 0.9225 0.090625 0.0175 0.02125
0 0.96 0.01625 0.0175 0.0225
