0 0.500625 0.044375 0.01125 0.01375
0 0.765 0.539375 0.01 0.01375
0 0.7925 0.52875 0.01 0.02
0 0.69375 0.56125 0.0125 0.0075
0 0.2925 0.80375 0.01 0.015
0 0.299375 0.759375 0.00875 0.01375
0 0.325625 0.74 0.01125 0.015
0 0.350625 0.730625 0.01375 0.01875
0 0.328125 0.765625 0.01375 0.00875
0 0.33875 0.7725 0.015 0.0175
0 0.31875000000000003 0.795625 0.01 0.01125
0 0.371875 0.9918750000000001 0.01125 0.01375
0 0.355625 0.9550000000000001 0.01375 0.02
0 0.42312500000000003 0.98375 0.01625 0.02
0 0.37625000000000003 0.913125 0.0125 0.01375
0 0.358125 0.895 0.00625 0.01
0 0.335625 0.34125 0.00625 0.0075
