0 0.003125 0.36125 0.00625 0.0225
0 0.033125 0.595 0.01875 0.04
0 0.05625 0.32 0.0225 0.0275
0 0.306875 0.024375 0.01125 0.01375
0 0.24375 0.07062500000000001 0.015 0.02125
0 0.240625 0.175625 0.01375 0.02125
0 0.27125 0.09125 0.0125 0.0225
0 0.28250000000000003 0.11125 0.015 0.02
0 0.39375 0.023125 0.0125 0.01625
0 0.313125 0.104375 0.01125 0.01875
0 0.348125 0.084375 0.01375 0.02125
0 0.374375 0.075 0.01625 0.0225
0 0.30062500000000003 0.161875 0.01375 0.01875
0 0.368125 0.18937500000000002 0.01375 0.01875
0 0.3575 0.210625 0.0175 0.01375
0 0.335625 0.253125 0.01375 0.01875
0 0.314375 0.30125 0.01625 0.015
0 0.498125 0.01625 0.01125 0.02
0 0.489375 0.050625 0.01875 0.03875
0 0.469375 0.13875 0.02625 0.015
0 0.450625 0.155 0.01375 0.02
0 0.429375 0.19625 0.01875 0.0225
0 0.135 0.6218750000000001 0.01 0.01125
0 0.47875 0.234375 0.0075 0.00625
0 0.42875 0.26937500000000003 0.0075 0.00875
