0 0.113125 0.299375 0.07375 0.03375
0 0.450625 0.339375 0.051250000000000004 0.02375
0 0.46125 0.289375 0.045 0.04625
0 0.696875 0.346875 0.03875 0.02625
0 0.326875 0.8981250000000001 0.03875 0.03875
0 0.4525 0.718125 0.0525 0.03625
0 0.55625 0.6725 0.0325 0.035
0 0.731875 0.68625 0.04875 0.035
0 0.43625 0.931875 0.0175 0.03125
0 0.469375 0.92 0.03125 0.03
0 0.553125 0.978125 0.04125 0.03375
0 0.588125 0.8462500000000001 0.04625 0.0425
0 0.66625 0.941875 0.0475 0.03375
0 0.754375 0.8406250000000001 0.04875 0.03625
0 0.786875 0.97875 0.04125 0.0325
0 0.91625 0.958125 0.055 0.03875
0 0.969375 0.86875 0.058750000000000004 0.0325
