0 0.83625 0.604375 0.02 0.01875
0 0.110625 0.758125 0.01875 0.02125
0 0.26937500000000003 0.775 0.02125 0.0225
0 0.270625 0.5925 0.02125 0.0175
0 0.34750000000000003 0.656875 0.0275 0.02625
0 0.324375 0.606875 0.02375 0.02375
0 0.310625 0.50875 0.02375 0.0275
0 0.34125 0.566875 0.025 0.02625
0 0.373125 0.536875 0.02125 0.02625
0 0.40375 0.610625 0.0275 0.03625
0 0.403125 0.693125 0.02375 0.02375
0 0.15812500000000002 0.41375 0.01625 0.02
0 0.179375 0.47000000000000003 0.01875 0.02
0 0.210625 0.50625 0.01625 0.015
0 0.226875 0.47000000000000003 0.01875 0.015
0 0.21 0.39875 0.0225 0.02
0 0.265 0.41125 0.0275 0.03
0 0.28875 0.436875 0.025 0.02875
0 0.346875 0.44875 0.02875 0.035
0 0.213125 0.34125 0.02375 0.0175
0 0.570625 0.104375 0.058750000000000004 0.03875
0 0.6125 0.035625000000000004 0.0525 0.03875
0 0.805 0.05 0.055 0.025
0 0.854375 0.218125 0.07125000000000001 0.03375
0 0.21125 0.213125 0.035 0.03375
0 0.295625 0.225625 0.04125 0.02625
0 0.38875 0.161875 0.0225 0.04125
0 0.105625 0.286875 0.03125 0.02625
0 0.10625 0.19125 0.045 0.035
0 0.1125 0.07187500000000001 0.03 0.01875
0 0.14875 0.109375 0.03 0.02875
0 0.148125 0.041875 0.02875 0.02375
0 0.20500000000000002 0.10875 0.0375 0.02
0 0.010625 0.3675 0.02125 0.0225
0 0.035 0.276875 0.035 0.03125
0 0.01375 0.130625 0.0275 0.03875
0 0.726875 0.940625 0.01375 0.01125
0 0.8612500000000001 0.33625 0.0075 0.0075
