0 0.005625 0.47750000000000004 0.01125 0.0125
0 0.030625 0.149375 0.01125 0.01625
0 0.044375 0.23375 0.01625 0.0175
0 0.075625 0.196875 0.01875 0.01875
0 0.15125 0.21 0.01 0.0125
0 0.209375 0.236875 0.01875 0.02125
0 0.229375 0.225 0.01125 0.0125
0 0.11125 0.149375 0.02 0.02125
0 0.179375 0.14375000000000002 0.01875 0.0125
0 0.1225 0.123125 0.015 0.01125
0 0.12625 0.105625 0.01 0.01375
0 0.15937500000000002 0.083125 0.01125 0.01375
0 0.186875 0.083125 0.01625 0.01875
0 0.0075 0.619375 0.015 0.03625
0 0.5593750000000001 0.5906250000000001 0.01375 0.00875
