0 0.01625 0.13125 0.02 0.015
0 0.0375 0.21937500000000001 0.0125 0.02375
0 0.08375 0.15812500000000002 0.01 0.01875
0 0.095 0.139375 0.02 0.01375
0 0.09125 0.100625 0.0075 0.02375
0 0.060625 0.084375 0.02375 0.01375
0 0.02 0.07 0.02 0.0075
0 0.0475 0.058125 0.01 0.00875
0 0.07187500000000001 0.06125 0.02125 0.0125
0 0.2025 0.093125 0.0325 0.01875
0 0.248125 0.104375 0.03375 0.01875
0 0.47500000000000003 0.16875 0.0225 0.0125
0 0.47500000000000003 0.1575 0.0225 0.01
0 0.52 0.165625 0.0275 0.01375
0 0.51625 0.1775 0.03 0.015
0 0.5575 0.173125 0.0325 0.01375
0 0.55625 0.1875 0.03 0.015
0 0.12625 0.196875 0.0125 0.01125
0 0.179375 0.225625 0.01125 0.01125
0 0.323125 0.265625 0.00625 0.00875
0 0.719375 0.07062500000000001 0.04625 0.03875
0 0.828125 0.089375 0.02375 0.02625
0 0.8200000000000001 0.131875 0.0225 0.00875
0 0.93 0.138125 0.04 0.03125
0 0.905625 0.055 0.02625 0.0275
0 0.9762500000000001 0.046875 0.0375 0.02375
0 0.8562500000000001 0.43062500000000004 0.015 0.01125
0 0.99375 0.395 0.01 0.01
0 0.971875 0.349375 0.00875 0.00625
0 0.8025 0.42125 0.0075 0.0075
