0 0.105625 0.0575 0.01875 0.0175
0 0.145625 0.079375 0.01625 0.01875
0 0.20125 0.12625 0.0225 0.0175
0 0.254375 0.143125 0.01875 0.01625
0 0.30875 0.1375 0.0175 0.02
0 0.251875 0.026875 0.04625 0.02875
0 0.421875 0.068125 0.03625 0.03125
0 0.568125 0.090625 0.043750000000000004 0.03125
0 0.676875 0.058125 0.01625 0.01625
0 0.6775 0.090625 0.0125 0.01875
0 0.6975 0.129375 0.0175 0.01125
0 0.72875 0.07 0.0175 0.015
0 0.740625 0.100625 0.01375 0.01125
0 0.8668750000000001 0.16125 0.01625 0.02
0 0.9 0.165625 0.015 0.01625
0 0.928125 0.15687500000000001 0.01625 0.02125
0 0.951875 0.17375000000000002 0.02375 0.025
