0 0.6950000000000001 0.308125 0.0225 0.01125
0 0.623125 0.543125 0.02375 0.01625
0 0.638125 0.68125 0.02125 0.0125
0 0.855625 0.529375 0.02375 0.01625
0 0.92125 0.595625 0.015 0.01375
0 0.545625 0.74 0.02125 0.015
0 0.646875 0.7425 0.02375 0.02
0 0.77 0.8625 0.02 0.015
0 0.8356250000000001 0.7681250000000001 0.01625 0.01125
0 0.97875 0.795625 0.0175 0.02625
0 0.306875 0.935625 0.01375 0.01875
0 0.510625 0.94375 0.04125 0.0225
0 0.374375 0.9925 0.02375 0.0125
0 0.051250000000000004 0.921875 0.015 0.02125
0 0.216875 0.9875 0.02125 0.0125
