0 0.014375 0.8143750000000001 0.02875 0.04125
0 0.011875 0.981875 0.02375 0.03375
0 0.09 0.675625 0.035 0.03375
0 0.0675 0.474375 0.04 0.03125
0 0.17125 0.536875 0.0325 0.02875
0 0.19 0.40625 0.0275 0.0225
0 0.15687500000000001 0.798125 0.03375 0.03625
0 0.2775 0.664375 0.0275 0.04125
0 0.4025 0.87125 0.0325 0.025
0 0.333125 0.451875 0.04125 0.03375
0 0.18812500000000001 0.021875000000000002 0.03375 0.02625
0 0.278125 0.1525 0.043750000000000004 0.055
0 0.371875 0.304375 0.043750000000000004 0.05375
0 0.40625 0.16875 0.04 0.035
0 0.49875 0.10312500000000001 0.04 0.02875
0 0.77625 0.84875 0.03 0.035
0 0.8825000000000001 0.7681250000000001 0.03 0.02875
0 0.76875 0.56 0.0325 0.0375
0 0.896875 0.633125 0.02625 0.02875
0 0.89625 0.424375 0.0425 0.04125
0 0.9237500000000001 0.854375 0.015 0.01875
