0 0.03625 0.990625 0.0175 0.01625
0 0.280625 0.96 0.02375 0.0175
0 0.2975 0.92125 0.03 0.0275
0 0.25 0.696875 0.0475 0.02625
0 0.385 0.71875 0.055 0.025
0 0.571875 0.811875 0.04125 0.04125
0 0.0175 0.4 0.0175 0.02
0 0.085625 0.533125 0.01625 0.03125
0 0.046875 0.29375 0.02125 0.0125
0 0.128125 0.369375 0.02125 0.01625
0 0.125 0.3 0.02 0.0175
0 0.2925 0.44375000000000003 0.025 0.0175
0 0.03875 0.208125 0.02 0.01625
0 0.23500000000000001 0.24375 0.03 0.02
0 0.31375000000000003 0.199375 0.0275 0.01625
0 0.354375 0.31625000000000003 0.01625 0.02
0 0.42125 0.315625 0.04 0.01625
0 0.49375 0.375 0.0175 0.03
0 0.11750000000000001 0.10875 0.0225 0.0225
0 0.24875 0.139375 0.0175 0.02125
0 0.421875 0.110625 0.01625 0.01875
0 0.449375 0.184375 0.02375 0.01375
0 0.49125 0.113125 0.0225 0.02125
0 0.6975 0.1 0.025 0.02
0 0.715 0.016875 0.0275 0.01875
0 0.698125 0.13875 0.01125 0.015
