0 0.2625 0.865 0.0275 0.035
0 0.635625 0.88125 0.02875 0.0375
0 0.74125 0.844375 0.02 0.03125
0 0.888125 0.8525 0.01375 0.02
0 0.640625 0.406875 0.02125 0.04125
0 0.69125 0.445 0.0125 0.02
0 0.64625 0.61875 0.0225 0.025
0 0.730625 0.6431250000000001 0.01875 0.01625
0 0.9425 0.46 0.0275 0.02
0 0.86625 0.626875 0.0225 0.01875
0 0.043125000000000004 0.599375 0.02875 0.043750000000000004
0 0.07187500000000001 0.41000000000000003 0.02875 0.0375
0 0.10875 0.263125 0.0225 0.02625
0 0.228125 0.42 0.02375 0.0275
0 0.895625 0.02625 0.02125 0.0325
