0 0.02125 0.8462500000000001 0.025 0.0375
0 0.8931250000000001 0.895 0.03125 0.045
0 0.15687500000000001 0.594375 0.03375 0.06375
0 0.27 0.7375 0.05 0.06
0 0.23625000000000002 0.49562500000000004 0.0175 0.02375
0 0.32937500000000003 0.418125 0.02375 0.043750000000000004
0 0.3725 0.55625 0.0275 0.0425
0 0.4875 0.419375 0.0175 0.03375
0 0.41375 0.1575 0.0225 0.03
0 0.548125 0.216875 0.01625 0.02875
0 0.528125 0.0975 0.02375 0.025
0 0.635 0.111875 0.0225 0.043750000000000004
0 0.711875 0.39875 0.03625 0.0275
0 0.71875 0.0075 0.0225 0.015
