0 0.255625 0.3725 0.02625 0.03
0 0.435 0.24375 0.01 0.0125
0 0.45375 0.214375 0.01 0.01375
0 0.465625 0.194375 0.01375 0.01125
0 0.380625 0.20125 0.01375 0.0225
0 0.39187500000000003 0.1575 0.01625 0.0175
0 0.375625 0.260625 0.01375 0.01375
0 0.44 0.0975 0.0175 0.0125
0 0.479375 0.026875 0.01125 0.01375
0 0.496875 0.0825 0.01625 0.0275
0 0.37625000000000003 0.12125 0.015 0.015
0 0.290625 0.23500000000000001 0.01875 0.0175
0 0.308125 0.215 0.02375 0.0175
0 0.270625 0.239375 0.01125 0.01125
0 0.724375 0.01375 0.00875 0.015
0 0.73625 0.015 0.015 0.015
0 0.71625 0.013125 0.01 0.01375
0 0.15375 0.344375 0.0075 0.00875
0 0.22625 0.424375 0.0075 0.00625
0 0.21625 0.424375 0.0075 0.00875
0 0.19625 0.42375 0.0125 0.01
0 0.301875 0.35875 0.00875 0.0075
0 0.011875 0.470625 0.01375 0.00875
0 0.069375 0.47625 0.00625 0.005
0 0.545 0.43625 0.0075 0.005
