0 0.013125 0.5700000000000001 0.02625 0.0225
0 0.52125 0.516875 0.0225 0.043750000000000004
0 0.62125 0.45125 0.025 0.02
0 0.74875 0.525625 0.035 0.03625
0 0.69625 0.3125 0.0175 0.0325
0 0.670625 0.2225 0.01875 0.02
0 0.7825 0.26625 0.0175 0.025
0 0.81875 0.38375000000000004 0.0225 0.03
0 0.905 0.2575 0.0325 0.035
0 0.65375 0.054375 0.0175 0.02625
0 0.73375 0.135625 0.0225 0.02125
0 0.8 0.02375 0.0175 0.025
0 0.854375 0.12625 0.01875 0.0275
0 0.966875 0.06125 0.04125 0.0275
0 0.956875 0.195625 0.01875 0.01625
0 0.371875 0.051875000000000004 0.02375 0.043750000000000004
