0 0.6 0.246875 0.015 0.03125
0 0.75875 0.359375 0.0225 0.01375
0 0.749375 0.183125 0.01375 0.01375
0 0.976875 0.12875 0.01375 0.01
0 0.470625 0.065 0.01125 0.0225
0 0.47000000000000003 0.115 0.015 0.02
0 0.2 0.07625 0.015 0.025
0 0.21375 0.155 0.015 0.0325
0 0.234375 0.178125 0.02625 0.01875
0 0.27625 0.18875 0.04 0.02
0 0.24875 0.22 0.0225 0.0175
0 0.24625 0.36375 0.025 0.03
0 0.278125 0.45 0.01125 0.02
0 0.270625 0.5025000000000001 0.01125 0.02
0 0.255625 0.505 0.01375 0.0325
0 0.24125 0.505625 0.0125 0.03125
0 0.23125 0.51125 0.0125 0.0225
0 0.29125 0.489375 0.0075 0.01625
0 0.319375 0.255 0.01125 0.01
0 0.285625 0.465 0.00625 0.0125
0 0.29 0.501875 0.005 0.00625
0 0.21 0.201875 0.015 0.00875
0 0.20375000000000001 0.375 0.0275 0.01
0 0.204375 0.3875 0.02625 0.01
