0 0.591875 0.20375000000000001 0.043750000000000004 0.04
0 0.690625 0.10125 0.03875 0.02
0 0.6575 0.30062500000000003 0.03 0.02375
0 0.724375 0.16875 0.04875 0.0175
0 0.745 0.254375 0.04 0.02625
0 0.58125 0.55375 0.05 0.04
0 0.6118750000000001 0.753125 0.02625 0.03125
0 0.5825 0.823125 0.025 0.02875
0 0.17875 0.27187500000000003 0.03 0.07125000000000001
0 0.085625 0.41875 0.02875 0.0425
0 0.181875 0.468125 0.02375 0.04875
0 0.145625 0.56375 0.02875 0.035
0 0.3275 0.45687500000000003 0.0325 0.04625
0 0.213125 0.435625 0.02875 0.02125
0 0.235625 0.555625 0.02875 0.051250000000000004
0 0.24625 0.743125 0.035 0.04125
0 0.289375 0.64625 0.04125 0.0475
0 0.241875 0.856875 0.03625 0.03875
0 0.13125 0.7275 0.0175 0.035
0 0.141875 0.7925 0.01625 0.0325
0 0.09375 0.606875 0.0175 0.02125
0 0.16375 0.8425 0.025 0.025
0 0.14 0.945625 0.0175 0.01875
0 0.148125 0.9862500000000001 0.01875 0.015
0 0.185625 0.9868750000000001 0.01875 0.01625
0 0.716875 0.706875 0.02375 0.05375
0 0.7312500000000001 0.613125 0.015 0.043750000000000004
0 0.7681250000000001 0.62625 0.00875 0.025
0 0.7625000000000001 0.651875 0.0125 0.02375
0 0.7518750000000001 0.7025 0.02125 0.0375
0 0.74875 0.735 0.0175 0.03
0 0.744375 0.770625 0.01625 0.03375
0 0.785 0.853125 0.025 0.01125
0 0.7825 0.8718750000000001 0.025 0.00875
0 0.8125 0.8125 0.0125 0.0175
0 0.81 0.8325 0.0125 0.02
0 0.806875 0.854375 0.01125 0.02375
0 0.731875 0.9525 0.01375 0.0325
0 0.7825 0.9725 0.02 0.0325
0 0.805625 0.9293750000000001 0.01125 0.02625
0 0.8093750000000001 0.9031250000000001 0.01125 0.02125
0 0.92125 0.764375 0.0175 0.01375
0 0.9400000000000001 0.758125 0.015 0.00875
0 0.895625 0.784375 0.01375 0.00625
0 0.904375 0.801875 0.01625 0.00875
0 0.905625 0.81875 0.01375 0.0075
0 0.9187500000000001 0.811875 0.015 0.00875
0 0.863125 0.8525 0.02125 0.045
0 0.853125 0.89625 0.02375 0.0325
0 0.851875 0.9237500000000001 0.01375 0.02
0 0.84875 0.948125 0.0175 0.02875
0 0.838125 0.98 0.01875 0.0375
0 0.74625 0.495 0.0175 0.02
