0 0.17764471057884232 0.11221590909090909 0.015968063872255488 0.04261363636363636
0 0.23353293413173654 0.08948863636363637 0.011976047904191617 0.04261363636363636
0 0.03493013972055888 0.03835227272727273 0.021956087824351298 0.036931818181818184
0 0.590818363273453 0.43892045454545453 0.015968063872255488 0.06534090909090909
0 0.6437125748502994 0.4403409090909091 0.013972055888223553 0.0625
0 0.8023952095808383 0.3934659090909091 0.015968063872255488 0.036931818181818184
0 0.8423153692614771 0.33948863636363635 0.015968063872255488 0.05397727272727273
0 0.18862275449101795 0.8451704545454546 0.017964071856287425 0.06534090909090909
0 0.12874251497005987 0.9076704545454546 0.017964071856287425 0.05965909090909091
0 0.41417165668662675 0.7869318181818182 0.017964071856287425 0.028409090909090908
