0 0.8702594810379242 0.1721311475409836 0.04790419161676647 0.07540983606557378
0 0.6447105788423154 0.22131147540983606 0.043912175648702596 0.04918032786885246
0 0.7874251497005988 0.41147540983606556 0.05788423153692615 0.036065573770491806
0 0.5199600798403193 0.42950819672131146 0.03792415169660679 0.04590163934426229
0 0.4930139720558882 0.05081967213114754 0.05189620758483034 0.05573770491803279
0 0.15469061876247506 0.38524590163934425 0.06187624750499002 0.04262295081967213
0 0.5299401197604791 0.5737704918032787 0.013972055888223553 0.04590163934426229
0 0.5429141716566867 0.559016393442623 0.011976047904191617 0.06229508196721312
0 0.5548902195608783 0.5655737704918032 0.015968063872255488 0.07540983606557378
0 0.5728542914171657 0.5622950819672131 0.011976047904191617 0.07540983606557378
0 0.5868263473053892 0.5606557377049181 0.015968063872255488 0.07868852459016394
