0 0.16927592954990214 0.19420289855072465 0.04892367906066536 0.0463768115942029
0 0.14187866927592954 0.35942028985507246 0.04892367906066536 0.0463768115942029
0 0.2602739726027397 0.5869565217391305 0.050880626223091974 0.043478260869565216
0 0.3424657534246575 0.7579710144927536 0.05870841487279843 0.04927536231884058
0 0.3943248532289628 0.3188405797101449 0.04892367906066536 0.0463768115942029
0 0.487279843444227 0.06956521739130435 0.03913894324853229 0.057971014492753624
0 0.6448140900195695 0.09855072463768116 0.0410958904109589 0.06956521739130435
0 0.5958904109589042 0.3565217391304348 0.0410958904109589 0.05217391304347826
0 0.812133072407045 0.3536231884057971 0.043052837573385516 0.057971014492753624
0 0.6575342465753424 0.9318840579710145 0.0547945205479452 0.06086956521739131
0 0.9442270058708415 0.15072463768115943 0.025440313111545987 0.0463768115942029
