0 0.09782608695652174 0.31518151815181517 0.10474308300395258 0.04950495049504951
0 0.1007905138339921 0.33828382838283827 0.10276679841897234 0.04950495049504951
0 0.22529644268774704 0.2590759075907591 0.07509881422924901 0.0627062706270627
0 0.233201581027668 0.28217821782178215 0.07114624505928854 0.04950495049504951
0 0.33695652173913043 0.20462046204620463 0.07707509881422925 0.0594059405940594
0 0.34189723320158105 0.22442244224422442 0.07905138339920949 0.052805280528052806
0 0.3438735177865613 0.24422442244224424 0.07905138339920949 0.0462046204620462
0 0.5207509881422925 0.14521452145214522 0.116600790513834 0.052805280528052806
0 0.49407114624505927 0.1848184818481848 0.17391304347826086 0.07920792079207921
0 0.7885375494071146 0.08250825082508251 0.07114624505928854 0.0462046204620462
0 0.9258893280632411 0.23597359735973597 0.12845849802371542 0.31353135313531355
