0 0.1336448598130841 0.38064516129032255 0.09906542056074766 0.05161290322580645
0 0.04205607476635514 0.4112903225806452 0.04672897196261682 0.035483870967741936
0 0.11214953271028037 0.7741935483870968 0.09719626168224299 0.05161290322580645
0 0.1130841121495327 0.8 0.09906542056074766 0.05806451612903226
0 0.2336448598130841 0.7209677419354839 0.06728971962616823 0.06129032258064516
0 0.23925233644859814 0.7451612903225806 0.06728971962616823 0.05161290322580645
0 0.3364485981308411 0.667741935483871 0.07476635514018691 0.06451612903225806
0 0.34205607476635513 0.6870967741935484 0.07102803738317758 0.05161290322580645
0 0.3429906542056075 0.7112903225806452 0.07289719626168224 0.041935483870967745
0 0.5130841121495328 0.6096774193548387 0.10654205607476636 0.04516129032258064
0 0.4869158878504673 0.65 0.16261682242990655 0.07419354838709677
0 0.7663551401869159 0.5483870967741935 0.06728971962616823 0.04516129032258064
0 0.891588785046729 0.7 0.12710280373831775 0.3032258064516129
