0 0.30417495029821073 0.25 0.04771371769383698 0.040697674418604654
0 0.2823061630218688 0.4011627906976744 0.04771371769383698 0.046511627906976744
0 0.39065606361829025 0.6075581395348837 0.04572564612326044 0.040697674418604654
0 0.46421471172962225 0.7645348837209303 0.0536779324055666 0.040697674418604654
0 0.5139165009940357 0.3633720930232558 0.041749502982107355 0.040697674418604654
0 0.5994035785288271 0.13517441860465115 0.03777335984095427 0.0436046511627907
0 0.7445328031809145 0.16424418604651161 0.033797216699801194 0.055232558139534885
0 0.6998011928429424 0.39825581395348836 0.03578528827037773 0.046511627906976744
0 0.7534791252485089 0.9229651162790697 0.05168986083499006 0.055232558139534885
0 0.8976143141153081 0.3938953488372093 0.041749502982107355 0.055232558139534885
0 0.8489065606361829 0.0436046511627907 0.04771371769383698 0.06395348837209303
