0 0.5804828973843058 0.4188034188034188 0.04627766599597585 0.06837606837606838
0 0.3551307847082495 0.46438746438746437 0.04225352112676056 0.039886039886039885
0 0.2022132796780684 0.3148148148148148 0.05030181086519115 0.04843304843304843
0 0.22635814889336017 0.6452991452991453 0.03420523138832998 0.042735042735042736
0 0.4969818913480885 0.6267806267806267 0.056338028169014086 0.02849002849002849
0 0.2937625754527163 0.7606837606837606 0.01609657947686117 0.07977207977207977
0 0.2796780684104628 0.7735042735042735 0.01609657947686117 0.09401709401709402
0 0.26458752515090544 0.7621082621082621 0.014084507042253521 0.06552706552706553
0 0.2505030181086519 0.7549857549857549 0.014084507042253521 0.05698005698005698
0 0.23742454728370221 0.7692307692307693 0.012072434607645875 0.039886039886039885
