0 0.3251953125 0.04150943396226415 0.029296875 0.052830188679245285
0 0.4326171875 0.15660377358490565 0.013671875 0.033962264150943396
0 0.4697265625 0.11886792452830189 0.013671875 0.04150943396226415
0 0.416015625 0.2641509433962264 0.015625 0.03773584905660377
0 0.26953125 0.4679245283018868 0.0234375 0.03018867924528302
0 0.259765625 0.560377358490566 0.0234375 0.033962264150943396
0 0.310546875 0.6849056603773584 0.0234375 0.026415094339622643
0 0.3466796875 0.7773584905660378 0.025390625 0.03018867924528302
0 0.3671875 0.5377358490566038 0.01953125 0.026415094339622643
0 0.4052734375 0.39811320754716983 0.017578125 0.026415094339622643
0 0.47265625 0.41509433962264153 0.01953125 0.03018867924528302
0 0.453125 0.5584905660377358 0.01953125 0.03018867924528302
0 0.4755859375 0.8754716981132076 0.025390625 0.03018867924528302
0 0.54296875 0.5584905660377358 0.01953125 0.03018867924528302
0 0.51953125 0.34150943396226413 0.01953125 0.04150943396226415
0 0.4970703125 0.23962264150943396 0.017578125 0.04150943396226415
0 0.54296875 0.1509433962264151 0.01171875 0.03018867924528302
0 0.5634765625 0.20943396226415095 0.013671875 0.026415094339622643
0 0.5888671875 0.17735849056603772 0.009765625 0.022641509433962263
0 0.5947265625 0.1169811320754717 0.013671875 0.022641509433962263
0 0.5888671875 0.27735849056603773 0.013671875 0.026415094339622643
0 0.6328125 0.27358490566037735 0.01171875 0.026415094339622643
0 0.6533203125 0.19245283018867926 0.017578125 0.03018867924528302
0 0.6357421875 0.6867924528301886 0.013671875 0.022641509433962263
0 0.634765625 0.5622641509433962 0.01171875 0.022641509433962263
0 0.599609375 0.44339622641509435 0.01171875 0.026415094339622643
0 0.6181640625 0.36792452830188677 0.009765625 0.026415094339622643
0 0.6396484375 0.4207547169811321 0.009765625 0.018867924528301886
0 0.689453125 0.6584905660377358 0.0078125 0.026415094339622643
